   6.7293920e-07	   2.9500000e+02	
  -2.9194865e-01	  -1.0303030e+00	
  -2.7777778e-01	  -1.0342749e+00	
  -2.2727273e-01	  -1.0462666e+00	
  -1.7676768e-01	  -1.0555946e+00	
  -1.2626263e-01	  -1.0625264e+00	
  -7.5757576e-02	  -1.0672018e+00	
  -2.5252525e-02	  -1.0696714e+00	
   2.5252525e-02	  -1.0699111e+00	
   7.5757576e-02	  -1.0678276e+00	
   1.2626263e-01	  -1.0632897e+00	
   1.7676768e-01	  -1.0562218e+00	
   2.2727273e-01	  -1.0466582e+00	
   2.7777778e-01	  -1.0346552e+00	
   2.9385397e-01	  -1.0303030e+00	
   3.2828283e-01	  -1.0224817e+00	
   3.7878788e-01	  -1.0091021e+00	
   4.2929293e-01	  -9.9256943e-01	
   4.3634554e-01	  -9.8989899e-01	
   4.7979798e-01	  -9.7554268e-01	
   5.3030303e-01	  -9.5418468e-01	
   5.4000339e-01	  -9.4949495e-01	
   5.8080808e-01	  -9.3162337e-01	
   6.2375248e-01	  -9.0909091e-01	
   6.3131313e-01	  -9.0542460e-01	
   6.8181818e-01	  -8.7920773e-01	
   7.0051633e-01	  -8.6868687e-01	
   7.3232323e-01	  -8.5194374e-01	
   7.7295830e-01	  -8.2828283e-01	
   7.8282828e-01	  -8.2284341e-01	
   8.3333333e-01	  -7.9285536e-01	
   8.4126293e-01	  -7.8787879e-01	
   8.8383838e-01	  -7.6220946e-01	
   9.0665586e-01	  -7.4747475e-01	
   9.3434343e-01	  -7.3014860e-01	
   9.6881213e-01	  -7.0707071e-01	
   9.8484848e-01	  -6.9654645e-01	
   1.0272607e+00	  -6.6666667e-01	
   1.0353535e+00	  -6.6099643e-01	
   1.0828492e+00	  -6.2626263e-01	
   1.0858586e+00	  -6.2405181e-01	
   1.1363636e+00	  -5.8715131e-01	
   1.1381639e+00	  -5.8585859e-01	
   1.1868687e+00	  -5.5096863e-01	
   1.1944660e+00	  -5.4545455e-01	
   1.2373737e+00	  -5.1426895e-01	
   1.2497689e+00	  -5.0505051e-01	
   1.2878788e+00	  -4.7639207e-01	
   1.3033661e+00	  -4.6464646e-01	
   1.3383838e+00	  -4.3754976e-01	
   1.3556828e+00	  -4.2424242e-01	
   1.3888889e+00	  -3.9804215e-01	
   1.4068792e+00	  -3.8383838e-01	
   1.4393939e+00	  -3.5737947e-01	
   1.4567086e+00	  -3.4343434e-01	
   1.4898990e+00	  -3.1589079e-01	
   1.5063114e+00	  -3.0303030e-01	
   1.5404040e+00	  -2.7564294e-01	
   1.5574192e+00	  -2.6262626e-01	
   1.5909091e+00	  -2.3601025e-01	
   1.6075925e+00	  -2.2222222e-01	
   1.6414141e+00	  -1.9236272e-01	
   1.6531635e+00	  -1.8181818e-01	
   1.6919192e+00	  -1.4471591e-01	
   1.6957800e+00	  -1.4141414e-01	
   1.7413087e+00	  -1.0101010e-01	
   1.7424242e+00	  -9.9978232e-02	
   1.7896268e+00	  -6.0606061e-02	
   1.7929293e+00	  -5.7634178e-02	
   1.8312341e+00	  -2.0202020e-02	
   1.8434343e+00	  -6.6917814e-03	
   1.8668602e+00	   2.0202020e-02	
   1.8939394e+00	   5.5294989e-02	
   1.8988886e+00	   6.0606061e-02	
   1.9342613e+00	   1.0101010e-01	
   1.9444444e+00	   1.1364037e-01	
   1.9746614e+00	   1.4141414e-01	
   1.9949495e+00	   1.6245805e-01	
   2.0128918e+00	   1.8181818e-01	
   2.0435414e+00	   2.2222222e-01	
   2.0454545e+00	   2.2531958e-01	
   2.0652421e+00	   2.6262626e-01	
   2.0826755e+00	   3.0303030e-01	
   2.0959596e+00	   3.4089118e-01	
   2.0969211e+00	   3.4343434e-01	
   2.1086063e+00	   3.8383838e-01	
   2.1168116e+00	   4.2424242e-01	
   2.1206998e+00	   4.6464646e-01	
   2.1185005e+00	   5.0505051e-01	
   2.1068514e+00	   5.4545455e-01	
   2.0959596e+00	   5.6360858e-01	
   2.0698723e+00	   5.8585859e-01	
   2.0454545e+00	   5.9713469e-01	
   1.9949495e+00	   6.0848610e-01	
   1.9444444e+00	   6.2524758e-01	
   1.9417805e+00	   6.2626263e-01	
   1.8939394e+00	   6.4197775e-01	
   1.8434343e+00	   6.4298636e-01	
   1.7965316e+00	   6.2626263e-01	
   1.7929293e+00	   6.2510723e-01	
   1.7424242e+00	   6.0425169e-01	
   1.6919192e+00	   5.9288128e-01	
   1.6449440e+00	   5.8585859e-01	
   1.6414141e+00	   5.8539449e-01	
   1.5909091e+00	   5.6812748e-01	
   1.5533185e+00	   5.4545455e-01	
   1.5404040e+00	   5.3839864e-01	
   1.4898990e+00	   5.0948950e-01	
   1.4806250e+00	   5.0505051e-01	
   1.4393939e+00	   4.8789758e-01	
   1.3897400e+00	   4.6464646e-01	
   1.3888889e+00	   4.6428823e-01	
   1.3383838e+00	   4.3379566e-01	
   1.3258373e+00	   4.2424242e-01	
   1.2878788e+00	   3.9755693e-01	
   1.2692821e+00	   3.8383838e-01	
   1.2373737e+00	   3.6231698e-01	
   1.2099379e+00	   3.4343434e-01	
   1.1868687e+00	   3.2890578e-01	
   1.1496556e+00	   3.0303030e-01	
   1.1363636e+00	   2.9452545e-01	
   1.0927114e+00	   2.6262626e-01	
   1.0858586e+00	   2.5799623e-01	
   1.0378181e+00	   2.2222222e-01	
   1.0353535e+00	   2.2051432e-01	
   9.8484848e-01	   1.8445188e-01	
   9.8118081e-01	   1.8181818e-01	
   9.3434343e-01	   1.5071988e-01	
   9.2094992e-01	   1.4141414e-01	
   8.8383838e-01	   1.1777493e-01	
   8.5934411e-01	   1.0101010e-01	
   8.3333333e-01	   8.4726068e-02	
   7.9739608e-01	   6.0606061e-02	
   7.8282828e-01	   5.1682244e-02	
   7.3462502e-01	   2.0202020e-02	
   7.3232323e-01	   1.8834658e-02	
   6.8181818e-01	  -1.1569421e-02	
   6.6856579e-01	  -2.0202020e-02	
   6.3131313e-01	  -4.1815000e-02	
   6.0124621e-01	  -6.0606061e-02	
   5.8080808e-01	  -7.1922697e-02	
   5.3103453e-01	  -1.0101010e-01	
   5.3030303e-01	  -1.0138633e-01	
   4.7979798e-01	  -1.2516254e-01	
   4.4720921e-01	  -1.4141414e-01	
   4.2929293e-01	  -1.4883909e-01	
   3.7878788e-01	  -1.6848238e-01	
   3.4528466e-01	  -1.8181818e-01	
   3.2828283e-01	  -1.8714494e-01	
   2.7777778e-01	  -2.0142058e-01	
   2.2727273e-01	  -2.1549480e-01	
   2.0033657e-01	  -2.2222222e-01	
   1.7676768e-01	  -2.2650218e-01	
   1.2626263e-01	  -2.3353738e-01	
   7.5757576e-02	  -2.3829275e-01	
   2.5252525e-02	  -2.4033455e-01	
  -2.5252525e-02	  -2.3953954e-01	
  -7.5757576e-02	  -2.3608601e-01	
  -1.2626263e-01	  -2.3035113e-01	
  -1.7676768e-01	  -2.2273509e-01	
  -1.7936141e-01	  -2.2222222e-01	
  -2.2727273e-01	  -2.0948824e-01	
  -2.7777778e-01	  -1.9532831e-01	
  -3.2433286e-01	  -1.8181818e-01	
  -3.2828283e-01	  -1.8031408e-01	
  -3.7878788e-01	  -1.5963288e-01	
  -4.2762477e-01	  -1.4141414e-01	
  -4.2929293e-01	  -1.4063394e-01	
  -4.7979798e-01	  -1.1617181e-01	
  -5.1366524e-01	  -1.0101010e-01	
  -5.3030303e-01	  -9.2115161e-02	
  -5.8080808e-01	  -6.5925577e-02	
  -5.9089150e-01	  -6.0606061e-02	
  -6.3131313e-01	  -3.6375030e-02	
  -6.6015564e-01	  -2.0202020e-02	
  -6.8181818e-01	  -6.4992852e-03	
  -7.2782294e-01	   2.0202020e-02	
  -7.3232323e-01	   2.3133569e-02	
  -7.8282828e-01	   5.4787326e-02	
  -7.9252724e-01	   6.0606061e-02	
  -8.3333333e-01	   8.7550851e-02	
  -8.5472095e-01	   1.0101010e-01	
  -8.8383838e-01	   1.2108817e-01	
  -9.1465381e-01	   1.4141414e-01	
  -9.3434343e-01	   1.5551364e-01	
  -9.7292967e-01	   1.8181818e-01	
  -9.8484848e-01	   1.9056463e-01	
  -1.0302476e+00	   2.2222222e-01	
  -1.0353535e+00	   2.2603590e-01	
  -1.0858586e+00	   2.6128498e-01	
  -1.0880635e+00	   2.6262626e-01	
  -1.1363636e+00	   2.9437409e-01	
  -1.1533015e+00	   3.0303030e-01	
  -1.1868687e+00	   3.2208334e-01	
  -1.2318743e+00	   3.4343434e-01	
  -1.2373737e+00	   3.4643361e-01	
  -1.2878788e+00	   3.7573060e-01	
  -1.3008675e+00	   3.8383838e-01	
  -1.3383838e+00	   4.0955523e-01	
  -1.3621302e+00	   4.2424242e-01	
  -1.3888889e+00	   4.4207324e-01	
  -1.4330354e+00	   4.6464646e-01	
  -1.4393939e+00	   4.6823681e-01	
  -1.4898990e+00	   4.9083790e-01	
  -1.5277216e+00	   5.0505051e-01	
  -1.5404040e+00	   5.1052755e-01	
  -1.5909091e+00	   5.2799384e-01	
  -1.6414141e+00	   5.4226149e-01	
  -1.6519651e+00	   5.4545455e-01	
  -1.6919192e+00	   5.5938896e-01	
  -1.7424242e+00	   5.8137419e-01	
  -1.7538696e+00	   5.8585859e-01	
  -1.7929293e+00	   6.0301553e-01	
  -1.8434343e+00	   6.1158987e-01	
  -1.8939394e+00	   6.0295223e-01	
  -1.9444444e+00	   5.8627670e-01	
  -1.9463260e+00	   5.8585859e-01	
  -1.9949495e+00	   5.7234173e-01	
  -2.0454545e+00	   5.6057302e-01	
  -2.0787703e+00	   5.4545455e-01	
  -2.0959596e+00	   5.3195374e-01	
  -2.1155231e+00	   5.0505051e-01	
  -2.1280992e+00	   4.6464646e-01	
  -2.1297121e+00	   4.2424242e-01	
  -2.1245426e+00	   3.8383838e-01	
  -2.1146847e+00	   3.4343434e-01	
  -2.1010992e+00	   3.0303030e-01	
  -2.0959596e+00	   2.9103111e-01	
  -2.0846368e+00	   2.6262626e-01	
  -2.0650525e+00	   2.2222222e-01	
  -2.0454545e+00	   1.8871112e-01	
  -2.0409181e+00	   1.8181818e-01	
  -2.0084550e+00	   1.4141414e-01	
  -1.9949495e+00	   1.2743350e-01	
  -1.9655192e+00	   1.0101010e-01	
  -1.9444444e+00	   8.4431066e-02	
  -1.9194440e+00	   6.0606061e-02	
  -1.8939394e+00	   3.8218220e-02	
  -1.8782528e+00	   2.0202020e-02	
  -1.8434343e+00	  -1.6254329e-02	
  -1.8401281e+00	  -2.0202020e-02	
  -1.8034708e+00	  -6.0606061e-02	
  -1.7929293e+00	  -7.1250950e-02	
  -1.7635865e+00	  -1.0101010e-01	
  -1.7424242e+00	  -1.2072171e-01	
  -1.7196210e+00	  -1.4141414e-01	
  -1.6919192e+00	  -1.6497599e-01	
  -1.6715915e+00	  -1.8181818e-01	
  -1.6414141e+00	  -2.0559713e-01	
  -1.6200826e+00	  -2.2222222e-01	
  -1.5909091e+00	  -2.4420522e-01	
  -1.5681582e+00	  -2.6262626e-01	
  -1.5404040e+00	  -2.8459148e-01	
  -1.5201012e+00	  -3.0303030e-01	
  -1.4898990e+00	  -3.2948572e-01	
  -1.4751870e+00	  -3.4343434e-01	
  -1.4393939e+00	  -3.7547332e-01	
  -1.4296180e+00	  -3.8383838e-01	
  -1.3888889e+00	  -4.1686936e-01	
  -1.3787602e+00	  -4.2424242e-01	
  -1.3383838e+00	  -4.5296098e-01	
  -1.3211852e+00	  -4.6464646e-01	
  -1.2878788e+00	  -4.8729810e-01	
  -1.2622006e+00	  -5.0505051e-01	
  -1.2373737e+00	  -5.2228384e-01	
  -1.2042332e+00	  -5.4545455e-01	
  -1.1868687e+00	  -5.5762215e-01	
  -1.1460824e+00	  -5.8585859e-01	
  -1.1363636e+00	  -5.9262122e-01	
  -1.0872250e+00	  -6.2626263e-01	
  -1.0858586e+00	  -6.2720750e-01	
  -1.0353535e+00	  -6.6218162e-01	
  -1.0286399e+00	  -6.6666667e-01	
  -9.8484848e-01	  -6.9635562e-01	
  -9.6810698e-01	  -7.0707071e-01	
  -9.3434343e-01	  -7.2922074e-01	
  -9.0473575e-01	  -7.4747475e-01	
  -8.8383838e-01	  -7.6080497e-01	
  -8.3830557e-01	  -7.8787879e-01	
  -8.3333333e-01	  -7.9096455e-01	
  -7.8282828e-01	  -8.2094396e-01	
  -7.6925924e-01	  -8.2828283e-01	
  -7.3232323e-01	  -8.4943278e-01	
  -6.9443967e-01	  -8.6868687e-01	
  -6.8181818e-01	  -8.7558018e-01	
  -6.3131313e-01	  -9.0142315e-01	
  -6.1498958e-01	  -9.0909091e-01	
  -5.8080808e-01	  -9.2658511e-01	
  -5.3030303e-01	  -9.4871915e-01	
  -5.2836733e-01	  -9.4949495e-01	
  -4.7979798e-01	  -9.7118735e-01	
  -4.2929293e-01	  -9.8912093e-01	
  -4.2681084e-01	  -9.8989899e-01	
  -3.7878788e-01	  -1.0071977e+00	
  -3.2828283e-01	  -1.0217243e+00	
  -2.9194865e-01	  -1.0303030e+00	
   6.7293920e-07	   2.1500000e+02	
  -1.5837375e-01	   2.6262626e-01	
  -1.2626263e-01	   2.5493237e-01	
  -7.5757576e-02	   2.4679566e-01	
  -2.5252525e-02	   2.4179274e-01	
   2.5252525e-02	   2.3961471e-01	
   7.5757576e-02	   2.4070929e-01	
   1.2626263e-01	   2.4591524e-01	
   1.7676768e-01	   2.5619124e-01	
   1.9870166e-01	   2.6262626e-01	
   2.2727273e-01	   2.6890262e-01	
   2.7777778e-01	   2.8261096e-01	
   3.2828283e-01	   2.9997652e-01	
   3.3599839e-01	   3.0303030e-01	
   3.7878788e-01	   3.1613821e-01	
   4.2929293e-01	   3.3869503e-01	
   4.3736646e-01	   3.4343434e-01	
   4.7979798e-01	   3.6529335e-01	
   5.0734673e-01	   3.8383838e-01	
   5.3030303e-01	   3.9818152e-01	
   5.6811280e-01	   4.2424242e-01	
   5.8080808e-01	   4.3235985e-01	
   6.2899913e-01	   4.6464646e-01	
   6.3131313e-01	   4.6610045e-01	
   6.8181818e-01	   5.0061668e-01	
   6.8748662e-01	   5.0505051e-01	
   7.3232323e-01	   5.4173047e-01	
   7.3673176e-01	   5.4545455e-01	
   7.8171874e-01	   5.8585859e-01	
   7.8282828e-01	   5.8689491e-01	
   8.2972330e-01	   6.2626263e-01	
   8.3333333e-01	   6.2940892e-01	
   8.7881206e-01	   6.6666667e-01	
   8.8383838e-01	   6.7101434e-01	
   9.2312533e-01	   7.0707071e-01	
   9.3434343e-01	   7.1860226e-01	
   9.6254655e-01	   7.4747475e-01	
   9.8484848e-01	   7.7337424e-01	
   9.9962105e-01	   7.8787879e-01	
   1.0353535e+00	   8.2525916e-01	
   1.0388975e+00	   8.2828283e-01	
   1.0853555e+00	   8.6868687e-01	
   1.0858586e+00	   8.6913799e-01	
   1.1283458e+00	   9.0909091e-01	
   1.1363636e+00	   9.1765821e-01	
   1.1638145e+00	   9.4949495e-01	
   1.1868687e+00	   9.8131690e-01	
   1.1939493e+00	   9.8989899e-01	
   1.2243853e+00	   1.0303030e+00	
   1.2373737e+00	   1.0483541e+00	
   1.2586120e+00	   1.0707071e+00	
   1.2878788e+00	   1.1026431e+00	
   1.2973981e+00	   1.1111111e+00	
   1.3383838e+00	   1.1505926e+00	
   1.3392785e+00	   1.1515152e+00	
   1.3735803e+00	   1.1919192e+00	
   1.3888889e+00	   1.2127658e+00	
   1.4025115e+00	   1.2323232e+00	
   1.4267105e+00	   1.2727273e+00	
   1.4393939e+00	   1.2950096e+00	
   1.4508856e+00	   1.3131313e+00	
   1.4739132e+00	   1.3535354e+00	
   1.4898990e+00	   1.3816447e+00	
   1.4988204e+00	   1.3939394e+00	
   1.5230360e+00	   1.4343434e+00	
   1.5404040e+00	   1.4686022e+00	
   1.5440360e+00	   1.4747475e+00	
   1.5509148e+00	   1.5151515e+00	
   1.5404040e+00	   1.5359984e+00	
   1.4914087e+00	   1.5555556e+00	
   1.4898990e+00	   1.5557905e+00	
   1.4884124e+00	   1.5555556e+00	
   1.4393939e+00	   1.5486082e+00	
   1.3888889e+00	   1.5291959e+00	
   1.3619568e+00	   1.5151515e+00	
   1.3383838e+00	   1.5043311e+00	
   1.2878788e+00	   1.4835954e+00	
   1.2594727e+00	   1.4747475e+00	
   1.2373737e+00	   1.4687968e+00	
   1.1868687e+00	   1.4535590e+00	
   1.1472623e+00	   1.4343434e+00	
   1.1363636e+00	   1.4294268e+00	
   1.0858586e+00	   1.3994948e+00	
   1.0767619e+00	   1.3939394e+00	
   1.0353535e+00	   1.3710168e+00	
   1.0017979e+00	   1.3535354e+00	
   9.8484848e-01	   1.3457417e+00	
   9.3434343e-01	   1.3211664e+00	
   9.2029847e-01	   1.3131313e+00	
   8.8383838e-01	   1.2940229e+00	
   8.4636323e-01	   1.2727273e+00	
   8.3333333e-01	   1.2659596e+00	
   7.8282828e-01	   1.2440843e+00	
   7.5013464e-01	   1.2323232e+00	
   7.3232323e-01	   1.2267001e+00	
   6.8181818e-01	   1.2098062e+00	
   6.4128237e-01	   1.1919192e+00	
   6.3131313e-01	   1.1879148e+00	
   5.8080808e-01	   1.1673174e+00	
   5.3697594e-01	   1.1515152e+00	
   5.3030303e-01	   1.1494776e+00	
   4.7979798e-01	   1.1375916e+00	
   4.2929293e-01	   1.1249903e+00	
   3.8452781e-01	   1.1111111e+00	
   3.7878788e-01	   1.1095941e+00	
   3.2828283e-01	   1.0961961e+00	
   2.7777778e-01	   1.0852446e+00	
   2.2727273e-01	   1.0790673e+00	
   1.7676768e-01	   1.0766221e+00	
   1.2626263e-01	   1.0751410e+00	
   7.5757576e-02	   1.0729032e+00	
   3.4562193e-02	   1.0707071e+00	
   2.5252525e-02	   1.0703209e+00	
  -2.5252525e-02	   1.0692546e+00	
  -7.5757576e-02	   1.0705320e+00	
  -7.8059046e-02	   1.0707071e+00	
  -1.2626263e-01	   1.0753587e+00	
  -1.7676768e-01	   1.0819994e+00	
  -2.2727273e-01	   1.0889966e+00	
  -2.7777778e-01	   1.0963777e+00	
  -3.2828283e-01	   1.1052749e+00	
  -3.5423303e-01	   1.1111111e+00	
  -3.7878788e-01	   1.1177557e+00	
  -4.2929293e-01	   1.1331971e+00	
  -4.7979798e-01	   1.1481106e+00	
  -4.9114120e-01	   1.1515152e+00	
  -5.3030303e-01	   1.1651936e+00	
  -5.8080808e-01	   1.1828207e+00	
  -6.0564962e-01	   1.1919192e+00	
  -6.3131313e-01	   1.2026495e+00	
  -6.8181818e-01	   1.2232225e+00	
  -7.0574751e-01	   1.2323232e+00	
  -7.3232323e-01	   1.2437512e+00	
  -7.8282828e-01	   1.2645367e+00	
  -8.0188668e-01	   1.2727273e+00	
  -8.3333333e-01	   1.2879150e+00	
  -8.8383838e-01	   1.3117264e+00	
  -8.8704508e-01	   1.3131313e+00	
  -9.3434343e-01	   1.3359391e+00	
  -9.8290936e-01	   1.3535354e+00	
  -9.8484848e-01	   1.3543269e+00	
  -1.0353535e+00	   1.3723679e+00	
  -1.0858586e+00	   1.3912879e+00	
  -1.0916152e+00	   1.3939394e+00	
  -1.1363636e+00	   1.4173695e+00	
  -1.1669872e+00	   1.4343434e+00	
  -1.1868687e+00	   1.4464474e+00	
  -1.2373737e+00	   1.4734892e+00	
  -1.2405010e+00	   1.4747475e+00	
  -1.2878788e+00	   1.4952267e+00	
  -1.3383838e+00	   1.5092874e+00	
  -1.3674350e+00	   1.5151515e+00	
  -1.3888889e+00	   1.5199658e+00	
  -1.4393939e+00	   1.5307940e+00	
  -1.4898990e+00	   1.5417262e+00	
  -1.5404040e+00	   1.5369319e+00	
  -1.5517321e+00	   1.5151515e+00	
  -1.5514216e+00	   1.4747475e+00	
  -1.5413478e+00	   1.4343434e+00	
  -1.5404040e+00	   1.4323285e+00	
  -1.5215412e+00	   1.3939394e+00	
  -1.4981716e+00	   1.3535354e+00	
  -1.4898990e+00	   1.3426824e+00	
  -1.4672913e+00	   1.3131313e+00	
  -1.4393939e+00	   1.2817265e+00	
  -1.4322197e+00	   1.2727273e+00	
  -1.3968898e+00	   1.2323232e+00	
  -1.3888889e+00	   1.2238400e+00	
  -1.3641305e+00	   1.1919192e+00	
  -1.3383838e+00	   1.1606374e+00	
  -1.3320506e+00	   1.1515152e+00	
  -1.3024388e+00	   1.1111111e+00	
  -1.2878788e+00	   1.0936422e+00	
  -1.2711379e+00	   1.0707071e+00	
  -1.2373737e+00	   1.0306113e+00	
  -1.2371267e+00	   1.0303030e+00	
  -1.2022293e+00	   9.8989899e-01	
  -1.1868687e+00	   9.7453679e-01	
  -1.1616955e+00	   9.4949495e-01	
  -1.1363636e+00	   9.2656037e-01	
  -1.1169551e+00	   9.0909091e-01	
  -1.0858586e+00	   8.8246058e-01	
  -1.0710471e+00	   8.6868687e-01	
  -1.0353535e+00	   8.3676920e-01	
  -1.0271047e+00	   8.2828283e-01	
  -9.8537182e-01	   7.8787879e-01	
  -9.8484848e-01	   7.8738581e-01	
  -9.4663450e-01	   7.4747475e-01	
  -9.3434343e-01	   7.3596408e-01	
  -9.0396624e-01	   7.0707071e-01	
  -8.8383838e-01	   6.8940481e-01	
  -8.5777474e-01	   6.6666667e-01	
  -8.3333333e-01	   6.4615654e-01	
  -8.1048450e-01	   6.2626263e-01	
  -7.8282828e-01	   6.0290341e-01	
  -7.6312392e-01	   5.8585859e-01	
  -7.3232323e-01	   5.6023784e-01	
  -7.1348380e-01	   5.4545455e-01	
  -6.8181818e-01	   5.2107428e-01	
  -6.5864202e-01	   5.0505051e-01	
  -6.3131313e-01	   4.8560357e-01	
  -5.9984479e-01	   4.6464646e-01	
  -5.8080808e-01	   4.5123056e-01	
  -5.4070082e-01	   4.2424242e-01	
  -5.3030303e-01	   4.1685120e-01	
  -4.7979798e-01	   3.8499070e-01	
  -4.7764974e-01	   3.8383838e-01	
  -4.2929293e-01	   3.5555708e-01	
  -4.0024674e-01	   3.4343434e-01	
  -3.7878788e-01	   3.3274406e-01	
  -3.2828283e-01	   3.1292450e-01	
  -2.9760158e-01	   3.0303030e-01	
  -2.7777778e-01	   2.9489074e-01	
  -2.2727273e-01	   2.7789793e-01	
  -1.7676768e-01	   2.6585405e-01	
  -1.5837375e-01	   2.6262626e-01	
   1.3458784e-06	   2.4900000e+02	
  -2.3543041e-01	  -9.4949495e-01	
  -2.2727273e-01	  -9.5150836e-01	
  -1.7676768e-01	  -9.6182679e-01	
  -1.2626263e-01	  -9.6953310e-01	
  -7.5757576e-02	  -9.7475388e-01	
  -2.5252525e-02	  -9.7752535e-01	
   2.5252525e-02	  -9.7781038e-01	
   7.5757576e-02	  -9.7550796e-01	
   1.2626263e-01	  -9.7049030e-01	
   1.7676768e-01	  -9.6270232e-01	
   2.2727273e-01	  -9.5221121e-01	
   2.3829130e-01	  -9.4949495e-01	
   2.7777778e-01	  -9.4101808e-01	
   3.2828283e-01	  -9.2828580e-01	
   3.7878788e-01	  -9.1318564e-01	
   3.9083506e-01	  -9.0909091e-01	
   4.2929293e-01	  -8.9736639e-01	
   4.7979798e-01	  -8.7855887e-01	
   5.0204712e-01	  -8.6868687e-01	
   5.3030303e-01	  -8.5708292e-01	
   5.8080808e-01	  -8.3236070e-01	
   5.8841482e-01	  -8.2828283e-01	
   6.3131313e-01	  -8.0647057e-01	
   6.6427338e-01	  -7.8787879e-01	
   6.8181818e-01	  -7.7837830e-01	
   7.3232323e-01	  -7.4915084e-01	
   7.3512667e-01	  -7.4747475e-01	
   7.8282828e-01	  -7.1984451e-01	
   8.0312757e-01	  -7.0707071e-01	
   8.3333333e-01	  -6.8842040e-01	
   8.6644181e-01	  -6.6666667e-01	
   8.8383838e-01	  -6.5534034e-01	
   9.2672284e-01	  -6.2626263e-01	
   9.3434343e-01	  -6.2109969e-01	
   9.8410233e-01	  -5.8585859e-01	
   9.8484848e-01	  -5.8532479e-01	
   1.0353535e+00	  -5.4773562e-01	
   1.0383437e+00	  -5.4545455e-01	
   1.0858586e+00	  -5.0841950e-01	
   1.0902480e+00	  -5.0505051e-01	
   1.1363636e+00	  -4.6881386e-01	
   1.1418247e+00	  -4.6464646e-01	
   1.1868687e+00	  -4.2944144e-01	
   1.1935776e+00	  -4.2424242e-01	
   1.2373737e+00	  -3.8925321e-01	
   1.2441074e+00	  -3.8383838e-01	
   1.2878788e+00	  -3.4713522e-01	
   1.2923414e+00	  -3.4343434e-01	
   1.3383838e+00	  -3.0329929e-01	
   1.3387018e+00	  -3.0303030e-01	
   1.3844608e+00	  -2.6262626e-01	
   1.3888889e+00	  -2.5845478e-01	
   1.4288143e+00	  -2.2222222e-01	
   1.4393939e+00	  -2.1193038e-01	
   1.4722060e+00	  -1.8181818e-01	
   1.4898990e+00	  -1.6443045e-01	
   1.5153651e+00	  -1.4141414e-01	
   1.5404040e+00	  -1.1697640e-01	
   1.5573011e+00	  -1.0101010e-01	
   1.5909091e+00	  -6.5785318e-02	
   1.5957991e+00	  -6.0606061e-02	
   1.6304359e+00	  -2.0202020e-02	
   1.6414141e+00	  -5.7829835e-03	
   1.6632278e+00	   2.0202020e-02	
   1.6919192e+00	   5.8351149e-02	
   1.6939345e+00	   6.0606061e-02	
   1.7257891e+00	   1.0101010e-01	
   1.7424242e+00	   1.2595338e-01	
   1.7531987e+00	   1.4141414e-01	
   1.7754877e+00	   1.8181818e-01	
   1.7921698e+00	   2.2222222e-01	
   1.7929293e+00	   2.2527999e-01	
   1.8024372e+00	   2.6262626e-01	
   1.8058563e+00	   3.0303030e-01	
   1.7992327e+00	   3.4343434e-01	
   1.7929293e+00	   3.5571060e-01	
   1.7705062e+00	   3.8383838e-01	
   1.7424242e+00	   4.0026952e-01	
   1.6919192e+00	   4.2097917e-01	
   1.6768556e+00	   4.2424242e-01	
   1.6414141e+00	   4.3003544e-01	
   1.5935143e+00	   4.2424242e-01	
   1.5909091e+00	   4.2394885e-01	
   1.5404040e+00	   4.0729923e-01	
   1.4898990e+00	   3.9152886e-01	
   1.4618742e+00	   3.8383838e-01	
   1.4393939e+00	   3.7822617e-01	
   1.3888889e+00	   3.6087956e-01	
   1.3553631e+00	   3.4343434e-01	
   1.3383838e+00	   3.3534420e-01	
   1.2878788e+00	   3.0565004e-01	
   1.2837128e+00	   3.0303030e-01	
   1.2373737e+00	   2.7652475e-01	
   1.2141527e+00	   2.6262626e-01	
   1.1868687e+00	   2.4763287e-01	
   1.1451810e+00	   2.2222222e-01	
   1.1363636e+00	   2.1727657e-01	
   1.0858586e+00	   1.8504162e-01	
   1.0812872e+00	   1.8181818e-01	
   1.0353535e+00	   1.5174761e-01	
   1.0203724e+00	   1.4141414e-01	
   9.8484848e-01	   1.1855385e-01	
   9.5814712e-01	   1.0101010e-01	
   9.3434343e-01	   8.6442908e-02	
   8.9356641e-01	   6.0606061e-02	
   8.8383838e-01	   5.4871933e-02	
   8.3333333e-01	   2.3702332e-02	
   8.2788717e-01	   2.0202020e-02	
   7.8282828e-01	  -6.5404671e-03	
   7.6095359e-01	  -2.0202020e-02	
   7.3232323e-01	  -3.6712879e-02	
   6.9314053e-01	  -6.0606061e-02	
   6.8181818e-01	  -6.6992055e-02	
   6.3131313e-01	  -9.6496199e-02	
   6.2375573e-01	  -1.0101010e-01	
   5.8080808e-01	  -1.2432694e-01	
   5.5013988e-01	  -1.4141414e-01	
   5.3030303e-01	  -1.5146456e-01	
   4.7979798e-01	  -1.7637077e-01	
   4.6824075e-01	  -1.8181818e-01	
   4.2929293e-01	  -1.9791610e-01	
   3.7878788e-01	  -2.1804655e-01	
   3.6754771e-01	  -2.2222222e-01	
   3.2828283e-01	  -2.3460659e-01	
   2.7777778e-01	  -2.4940258e-01	
   2.2981419e-01	  -2.6262626e-01	
   2.2727273e-01	  -2.6321821e-01	
   1.7676768e-01	  -2.7275492e-01	
   1.2626263e-01	  -2.8025593e-01	
   7.5757576e-02	  -2.8524731e-01	
   2.5252525e-02	  -2.8737921e-01	
  -2.5252525e-02	  -2.8658184e-01	
  -7.5757576e-02	  -2.8302458e-01	
  -1.2626263e-01	  -2.7702324e-01	
  -1.7676768e-01	  -2.6889583e-01	
  -2.0769088e-01	  -2.6262626e-01	
  -2.2727273e-01	  -2.5780790e-01	
  -2.7777778e-01	  -2.4345892e-01	
  -3.2828283e-01	  -2.2809539e-01	
  -3.4564870e-01	  -2.2222222e-01	
  -3.7878788e-01	  -2.0930039e-01	
  -4.2929293e-01	  -1.8951634e-01	
  -4.4811622e-01	  -1.8181818e-01	
  -4.7979798e-01	  -1.6720029e-01	
  -5.3030303e-01	  -1.4441126e-01	
  -5.3658218e-01	  -1.4141414e-01	
  -5.8080808e-01	  -1.1814620e-01	
  -6.1399786e-01	  -1.0101010e-01	
  -6.3131313e-01	  -9.1133451e-02	
  -6.8181818e-01	  -6.3165412e-02	
  -6.8645887e-01	  -6.0606061e-02	
  -7.3232323e-01	  -3.3260831e-02	
  -7.5546159e-01	  -2.0202020e-02	
  -7.8282828e-01	  -3.4733859e-03	
  -8.2363762e-01	   2.0202020e-02	
  -8.3333333e-01	   2.6312020e-02	
  -8.8383838e-01	   5.7149834e-02	
  -8.8959657e-01	   6.0606061e-02	
  -9.3434343e-01	   8.9561422e-02	
  -9.5281081e-01	   1.0101010e-01	
  -9.8484848e-01	   1.2238055e-01	
  -1.0149530e+00	   1.4141414e-01	
  -1.0353535e+00	   1.5528238e-01	
  -1.0775176e+00	   1.8181818e-01	
  -1.0858586e+00	   1.8746259e-01	
  -1.1363636e+00	   2.1713731e-01	
  -1.1472619e+00	   2.2222222e-01	
  -1.1868687e+00	   2.4215983e-01	
  -1.2370137e+00	   2.6262626e-01	
  -1.2373737e+00	   2.6278898e-01	
  -1.2878788e+00	   2.8587319e-01	
  -1.3210862e+00	   3.0303030e-01	
  -1.3383838e+00	   3.1292716e-01	
  -1.3888889e+00	   3.4012311e-01	
  -1.3970967e+00	   3.4343434e-01	
  -1.4393939e+00	   3.6179139e-01	
  -1.4898990e+00	   3.7640879e-01	
  -1.5274733e+00	   3.8383838e-01	
  -1.5404040e+00	   3.8664901e-01	
  -1.5909091e+00	   3.9272000e-01	
  -1.6414141e+00	   3.9381028e-01	
  -1.6919192e+00	   3.9057116e-01	
  -1.7344283e+00	   3.8383838e-01	
  -1.7424242e+00	   3.8179802e-01	
  -1.7929293e+00	   3.4675626e-01	
  -1.7952751e+00	   3.4343434e-01	
  -1.8075481e+00	   3.0303030e-01	
  -1.8069702e+00	   2.6262626e-01	
  -1.7984172e+00	   2.2222222e-01	
  -1.7929293e+00	   2.0753001e-01	
  -1.7841282e+00	   1.8181818e-01	
  -1.7654528e+00	   1.4141414e-01	
  -1.7424242e+00	   1.0122499e-01	
  -1.7423045e+00	   1.0101010e-01	
  -1.7148784e+00	   6.0606061e-02	
  -1.6919192e+00	   3.1753123e-02	
  -1.6829880e+00	   2.0202020e-02	
  -1.6470900e+00	  -2.0202020e-02	
  -1.6414141e+00	  -2.5925694e-02	
  -1.6079129e+00	  -6.0606061e-02	
  -1.5909091e+00	  -7.6442308e-02	
  -1.5661181e+00	  -1.0101010e-01	
  -1.5404040e+00	  -1.2447178e-01	
  -1.5241929e+00	  -1.4141414e-01	
  -1.4898990e+00	  -1.7495341e-01	
  -1.4837517e+00	  -1.8181818e-01	
  -1.4452344e+00	  -2.2222222e-01	
  -1.4393939e+00	  -2.2801548e-01	
  -1.4050707e+00	  -2.6262626e-01	
  -1.3888889e+00	  -2.7768477e-01	
  -1.3596188e+00	  -3.0303030e-01	
  -1.3383838e+00	  -3.2025357e-01	
  -1.3084402e+00	  -3.4343434e-01	
  -1.2878788e+00	  -3.5873837e-01	
  -1.2551193e+00	  -3.8383838e-01	
  -1.2373737e+00	  -3.9705717e-01	
  -1.2023077e+00	  -4.2424242e-01	
  -1.1868687e+00	  -4.3587714e-01	
  -1.1494003e+00	  -4.6464646e-01	
  -1.1363636e+00	  -4.7439653e-01	
  -1.0957072e+00	  -5.0505051e-01	
  -1.0858586e+00	  -5.1232230e-01	
  -1.0408229e+00	  -5.4545455e-01	
  -1.0353535e+00	  -5.4942184e-01	
  -9.8484848e-01	  -5.8526119e-01	
  -9.8399193e-01	  -5.8585859e-01	
  -9.3434343e-01	  -6.2026314e-01	
  -9.2536354e-01	  -6.2626263e-01	
  -8.8383838e-01	  -6.5408139e-01	
  -8.6424419e-01	  -6.6666667e-01	
  -8.3333333e-01	  -6.8674399e-01	
  -8.0003305e-01	  -7.0707071e-01	
  -7.8282828e-01	  -7.1779174e-01	
  -7.3232323e-01	  -7.4673876e-01	
  -7.3098428e-01	  -7.4747475e-01	
  -6.8181818e-01	  -7.7542049e-01	
  -6.5781597e-01	  -7.8787879e-01	
  -6.3131313e-01	  -8.0229585e-01	
  -5.8080808e-01	  -8.2721020e-01	
  -5.7850377e-01	  -8.2828283e-01	
  -5.3030303e-01	  -8.5211223e-01	
  -4.9078663e-01	  -8.6868687e-01	
  -4.7979798e-01	  -8.7367020e-01	
  -4.2929293e-01	  -8.9397096e-01	
  -3.8343907e-01	  -9.0909091e-01	
  -3.7878788e-01	  -9.1079271e-01	
  -3.2828283e-01	  -9.2710792e-01	
  -2.7777778e-01	  -9.4038456e-01	
  -2.3543041e-01	  -9.4949495e-01	
   1.3458784e-06	   1.7500000e+02	
  -1.2806776e-01	   3.0303030e-01	
  -1.2626263e-01	   3.0261582e-01	
  -7.5757576e-02	   2.9426340e-01	
  -2.5252525e-02	   2.8897839e-01	
   2.5252525e-02	   2.8653873e-01	
   7.5757576e-02	   2.8755354e-01	
   1.2626263e-01	   2.9299387e-01	
   1.7404263e-01	   3.0303030e-01	
   1.7676768e-01	   3.0350975e-01	
   2.2727273e-01	   3.1550716e-01	
   2.7777778e-01	   3.3026334e-01	
   3.1681794e-01	   3.4343434e-01	
   3.2828283e-01	   3.4679715e-01	
   3.7878788e-01	   3.6346451e-01	
   4.2306688e-01	   3.8383838e-01	
   4.2929293e-01	   3.8650057e-01	
   4.7979798e-01	   4.1432247e-01	
   4.9472876e-01	   4.2424242e-01	
   5.3030303e-01	   4.4691675e-01	
   5.5670793e-01	   4.6464646e-01	
   5.8080808e-01	   4.8012838e-01	
   6.1857811e-01	   5.0505051e-01	
   6.3131313e-01	   5.1329366e-01	
   6.7540978e-01	   5.4545455e-01	
   6.8181818e-01	   5.5032921e-01	
   7.2346959e-01	   5.8585859e-01	
   7.3232323e-01	   5.9401795e-01	
   7.6793724e-01	   6.2626263e-01	
   7.8282828e-01	   6.4063515e-01	
   8.1317606e-01	   6.6666667e-01	
   8.3333333e-01	   6.8477918e-01	
   8.5949518e-01	   7.0707071e-01	
   8.8383838e-01	   7.2940384e-01	
   9.0236196e-01	   7.4747475e-01	
   9.3434343e-01	   7.8218030e-01	
   9.3965481e-01	   7.8787879e-01	
   9.7489792e-01	   8.2828283e-01	
   9.8484848e-01	   8.4026473e-01	
   1.0129829e+00	   8.6868687e-01	
   1.0353535e+00	   8.9210024e-01	
   1.0544943e+00	   9.0909091e-01	
   1.0858586e+00	   9.3923870e-01	
   1.0957983e+00	   9.4949495e-01	
   1.1301006e+00	   9.8989899e-01	
   1.1363636e+00	   9.9826490e-01	
   1.1584516e+00	   1.0303030e+00	
   1.1844992e+00	   1.0707071e+00	
   1.1868687e+00	   1.0747941e+00	
   1.2099902e+00	   1.1111111e+00	
   1.2362313e+00	   1.1515152e+00	
   1.2373737e+00	   1.1536530e+00	
   1.2634941e+00	   1.1919192e+00	
   1.2878788e+00	   1.2321868e+00	
   1.2879706e+00	   1.2323232e+00	
   1.2982094e+00	   1.2727273e+00	
   1.2878788e+00	   1.3000746e+00	
   1.2710963e+00	   1.3131313e+00	
   1.2373737e+00	   1.3213298e+00	
   1.1868687e+00	   1.3183657e+00	
   1.1717837e+00	   1.3131313e+00	
   1.1363636e+00	   1.3019267e+00	
   1.0858586e+00	   1.2797695e+00	
   1.0700978e+00	   1.2727273e+00	
   1.0353535e+00	   1.2589323e+00	
   9.8484848e-01	   1.2404125e+00	
   9.6634996e-01	   1.2323232e+00	
   9.3434343e-01	   1.2195431e+00	
   8.8383838e-01	   1.1939668e+00	
   8.7996046e-01	   1.1919192e+00	
   8.3333333e-01	   1.1692488e+00	
   7.9148928e-01	   1.1515152e+00	
   7.8282828e-01	   1.1481618e+00	
   7.3232323e-01	   1.1311496e+00	
   6.8261146e-01	   1.1111111e+00	
   6.8181818e-01	   1.1108110e+00	
   6.3131313e-01	   1.0893861e+00	
   5.8647260e-01	   1.0707071e+00	
   5.8080808e-01	   1.0685795e+00	
   5.3030303e-01	   1.0546082e+00	
   4.7979798e-01	   1.0431139e+00	
   4.3080780e-01	   1.0303030e+00	
   4.2929293e-01	   1.0299544e+00	
   3.7878788e-01	   1.0162946e+00	
   3.2828283e-01	   1.0022324e+00	
   2.7777778e-01	   9.9121150e-01	
   2.6708276e-01	   9.8989899e-01	
   2.2727273e-01	   9.8579717e-01	
   1.7676768e-01	   9.8337897e-01	
   1.2626263e-01	   9.8178823e-01	
   7.5757576e-02	   9.7998718e-01	
   2.5252525e-02	   9.7816293e-01	
  -2.5252525e-02	   9.7737237e-01	
  -7.5757576e-02	   9.7878141e-01	
  -1.2626263e-01	   9.8267676e-01	
  -1.7676768e-01	   9.8818777e-01	
  -1.9089886e-01	   9.8989899e-01	
  -2.2727273e-01	   9.9510830e-01	
  -2.7777778e-01	   1.0026836e+00	
  -3.2828283e-01	   1.0116703e+00	
  -3.7878788e-01	   1.0230893e+00	
  -4.0543082e-01	   1.0303030e+00	
  -4.2929293e-01	   1.0376412e+00	
  -4.7979798e-01	   1.0537634e+00	
  -5.3030303e-01	   1.0690820e+00	
  -5.3539511e-01	   1.0707071e+00	
  -5.8080808e-01	   1.0869138e+00	
  -6.3131313e-01	   1.1054265e+00	
  -6.4629826e-01	   1.1111111e+00	
  -6.8181818e-01	   1.1259016e+00	
  -7.3232323e-01	   1.1453461e+00	
  -7.4910225e-01	   1.1515152e+00	
  -7.8282828e-01	   1.1651676e+00	
  -8.3333333e-01	   1.1856141e+00	
  -8.4833559e-01	   1.1919192e+00	
  -8.8383838e-01	   1.2082325e+00	
  -9.3434343e-01	   1.2293558e+00	
  -9.4321939e-01	   1.2323232e+00	
  -9.8484848e-01	   1.2473620e+00	
  -1.0353535e+00	   1.2608760e+00	
  -1.0823344e+00	   1.2727273e+00	
  -1.0858586e+00	   1.2737175e+00	
  -1.1363636e+00	   1.2891699e+00	
  -1.1868687e+00	   1.3059104e+00	
  -1.2194786e+00	   1.3131313e+00	
  -1.2373737e+00	   1.3177523e+00	
  -1.2657622e+00	   1.3131313e+00	
  -1.2878788e+00	   1.2992642e+00	
  -1.2945896e+00	   1.2727273e+00	
  -1.2878788e+00	   1.2389106e+00	
  -1.2866112e+00	   1.2323232e+00	
  -1.2686769e+00	   1.1919192e+00	
  -1.2488859e+00	   1.1515152e+00	
  -1.2373737e+00	   1.1325079e+00	
  -1.2245216e+00	   1.1111111e+00	
  -1.1971116e+00	   1.0707071e+00	
  -1.1868687e+00	   1.0578961e+00	
  -1.1641911e+00	   1.0303030e+00	
  -1.1363636e+00	   1.0002441e+00	
  -1.1266341e+00	   9.8989899e-01	
  -1.0858586e+00	   9.5086098e-01	
  -1.0845372e+00	   9.4949495e-01	
  -1.0424215e+00	   9.0909091e-01	
  -1.0353535e+00	   9.0263324e-01	
  -1.0030456e+00	   8.6868687e-01	
  -9.8484848e-01	   8.5053328e-01	
  -9.6466590e-01	   8.2828283e-01	
  -9.3434343e-01	   7.9716537e-01	
  -9.2544290e-01	   7.8787879e-01	
  -8.8383838e-01	   7.4785406e-01	
  -8.8343824e-01	   7.4747475e-01	
  -8.3847742e-01	   7.0707071e-01	
  -8.3333333e-01	   7.0267247e-01	
  -7.9262879e-01	   6.6666667e-01	
  -7.8282828e-01	   6.5829819e-01	
  -7.4667863e-01	   6.2626263e-01	
  -7.3232323e-01	   6.1407550e-01	
  -6.9792367e-01	   5.8585859e-01	
  -6.8181818e-01	   5.7315965e-01	
  -6.4350438e-01	   5.4545455e-01	
  -6.3131313e-01	   5.3670908e-01	
  -5.8498757e-01	   5.0505051e-01	
  -5.8080808e-01	   5.0213033e-01	
  -5.3030303e-01	   4.6690207e-01	
  -5.2696648e-01	   4.6464646e-01	
  -4.7979798e-01	   4.3268754e-01	
  -4.6496386e-01	   4.2424242e-01	
  -4.2929293e-01	   4.0328736e-01	
  -3.8535177e-01	   3.8383838e-01	
  -3.7878788e-01	   3.8063514e-01	
  -3.2828283e-01	   3.5997724e-01	
  -2.7884853e-01	   3.4343434e-01	
  -2.7777778e-01	   3.4301639e-01	
  -2.2727273e-01	   3.2544488e-01	
  -1.7676768e-01	   3.1222253e-01	
  -1.2806776e-01	   3.0303030e-01	
   2.0188176e-06	   2.1300000e+02	
  -9.3473330e-02	  -9.0909091e-01	
  -7.5757576e-02	  -9.1112182e-01	
  -2.5252525e-02	  -9.1425152e-01	
   2.5252525e-02	  -9.1458631e-01	
   7.5757576e-02	  -9.1201626e-01	
   1.0237145e-01	  -9.0909091e-01	
   1.2626263e-01	  -9.0678120e-01	
   1.7676768e-01	  -8.9935233e-01	
   2.2727273e-01	  -8.8947404e-01	
   2.7777778e-01	  -8.7730099e-01	
   3.0856842e-01	  -8.6868687e-01	
   3.2828283e-01	  -8.6364011e-01	
   3.7878788e-01	  -8.4908024e-01	
   4.2929293e-01	  -8.3173001e-01	
   4.3800791e-01	  -8.2828283e-01	
   4.7979798e-01	  -8.1276965e-01	
   5.3030303e-01	  -7.8993776e-01	
   5.3437491e-01	  -7.8787879e-01	
   5.8080808e-01	  -7.6530327e-01	
   6.1317970e-01	  -7.4747475e-01	
   6.3131313e-01	  -7.3772724e-01	
   6.8181818e-01	  -7.0855966e-01	
   6.8433340e-01	  -7.0707071e-01	
   7.3232323e-01	  -6.7915268e-01	
   7.5249768e-01	  -6.6666667e-01	
   7.8282828e-01	  -6.4800434e-01	
   8.1604860e-01	  -6.2626263e-01	
   8.3333333e-01	  -6.1488987e-01	
   8.7569962e-01	  -5.8585859e-01	
   8.8383838e-01	  -5.8020243e-01	
   9.3274850e-01	  -5.4545455e-01	
   9.3434343e-01	  -5.4429571e-01	
   9.8484848e-01	  -5.0672944e-01	
   9.8702443e-01	  -5.0505051e-01	
   1.0353535e+00	  -4.6655542e-01	
   1.0377232e+00	  -4.6464646e-01	
   1.0858586e+00	  -4.2432461e-01	
   1.0859598e+00	  -4.2424242e-01	
   1.1339277e+00	  -3.8383838e-01	
   1.1363636e+00	  -3.8167799e-01	
   1.1817483e+00	  -3.4343434e-01	
   1.1868687e+00	  -3.3886690e-01	
   1.2281150e+00	  -3.0303030e-01	
   1.2373737e+00	  -2.9442901e-01	
   1.2720327e+00	  -2.6262626e-01	
   1.2878788e+00	  -2.4693227e-01	
   1.3136853e+00	  -2.2222222e-01	
   1.3383838e+00	  -1.9653287e-01	
   1.3532800e+00	  -1.8181818e-01	
   1.3888889e+00	  -1.4332794e-01	
   1.3907602e+00	  -1.4141414e-01	
   1.4269643e+00	  -1.0101010e-01	
   1.4393939e+00	  -8.5535963e-02	
   1.4613025e+00	  -6.0606061e-02	
   1.4898990e+00	  -2.4003118e-02	
   1.4931493e+00	  -2.0202020e-02	
   1.5226752e+00	   2.0202020e-02	
   1.5404040e+00	   4.9410184e-02	
   1.5474545e+00	   6.0606061e-02	
   1.5666909e+00	   1.0101010e-01	
   1.5799625e+00	   1.4141414e-01	
   1.5853696e+00	   1.8181818e-01	
   1.5766147e+00	   2.2222222e-01	
   1.5404040e+00	   2.5647962e-01	
   1.5245269e+00	   2.6262626e-01	
   1.4898990e+00	   2.6990040e-01	
   1.4393939e+00	   2.7240393e-01	
   1.3888889e+00	   2.6542711e-01	
   1.3810547e+00	   2.6262626e-01	
   1.3383838e+00	   2.4857152e-01	
   1.2878788e+00	   2.2730957e-01	
   1.2775009e+00	   2.2222222e-01	
   1.2373737e+00	   2.0415172e-01	
   1.1904573e+00	   1.8181818e-01	
   1.1868687e+00	   1.8023074e-01	
   1.1363636e+00	   1.5448764e-01	
   1.1139992e+00	   1.4141414e-01	
   1.0858586e+00	   1.2617604e-01	
   1.0445856e+00	   1.0101010e-01	
   1.0353535e+00	   9.5752743e-02	
   9.8484848e-01	   6.5111459e-02	
   9.7757954e-01	   6.0606061e-02	
   9.3434343e-01	   3.5479666e-02	
   9.0873726e-01	   2.0202020e-02	
   8.8383838e-01	   6.2428664e-03	
   8.3883394e-01	  -2.0202020e-02	
   8.3333333e-01	  -2.3253225e-02	
   7.8282828e-01	  -5.2199224e-02	
   7.6866389e-01	  -6.0606061e-02	
   7.3232323e-01	  -8.0842376e-02	
   6.9747120e-01	  -1.0101010e-01	
   6.8181818e-01	  -1.0954460e-01	
   6.3131313e-01	  -1.3784945e-01	
   6.2504679e-01	  -1.4141414e-01	
   5.8080808e-01	  -1.6486728e-01	
   5.4880763e-01	  -1.8181818e-01	
   5.3030303e-01	  -1.9101271e-01	
   4.7979798e-01	  -2.1482569e-01	
   4.6318332e-01	  -2.2222222e-01	
   4.2929293e-01	  -2.3609265e-01	
   3.7878788e-01	  -2.5499855e-01	
   3.5680382e-01	  -2.6262626e-01	
   3.2828283e-01	  -2.7159310e-01	
   2.7777778e-01	  -2.8576397e-01	
   2.2727273e-01	  -2.9857459e-01	
   2.0671055e-01	  -3.0303030e-01	
   1.7676768e-01	  -3.0880733e-01	
   1.2626263e-01	  -3.1623182e-01	
   7.5757576e-02	  -3.2107860e-01	
   2.5252525e-02	  -3.2313029e-01	
  -2.5252525e-02	  -3.2238134e-01	
  -7.5757576e-02	  -3.1897837e-01	
  -1.2626263e-01	  -3.1314350e-01	
  -1.7676768e-01	  -3.0506284e-01	
  -1.8664404e-01	  -3.0303030e-01	
  -2.2727273e-01	  -2.9372450e-01	
  -2.7777778e-01	  -2.8034026e-01	
  -3.2828283e-01	  -2.6529663e-01	
  -3.3619545e-01	  -2.6262626e-01	
  -3.7878788e-01	  -2.4700955e-01	
  -4.2929293e-01	  -2.2783247e-01	
  -4.4313206e-01	  -2.2222222e-01	
  -4.7979798e-01	  -2.0621868e-01	
  -5.3030303e-01	  -1.8394655e-01	
  -5.3486120e-01	  -1.8181818e-01	
  -5.8080808e-01	  -1.5895758e-01	
  -6.1568351e-01	  -1.4141414e-01	
  -6.3131313e-01	  -1.3296326e-01	
  -6.8181818e-01	  -1.0587086e-01	
  -6.9093615e-01	  -1.0101010e-01	
  -7.3232323e-01	  -7.7614852e-02	
  -7.6350921e-01	  -6.0606061e-02	
  -7.8282828e-01	  -4.9385942e-02	
  -8.3333333e-01	  -2.1171971e-02	
  -8.3510515e-01	  -2.0202020e-02	
  -8.8383838e-01	   8.1487520e-03	
  -9.0511287e-01	   2.0202020e-02	
  -9.3434343e-01	   3.7906610e-02	
  -9.7317182e-01	   6.0606061e-02	
  -9.8484848e-01	   6.7916050e-02	
  -1.0353535e+00	   9.7895722e-02	
  -1.0410335e+00	   1.0101010e-01	
  -1.0858586e+00	   1.2729875e-01	
  -1.1133795e+00	   1.4141414e-01	
  -1.1363636e+00	   1.5398910e-01	
  -1.1868687e+00	   1.7550103e-01	
  -1.2065238e+00	   1.8181818e-01	
  -1.2373737e+00	   1.9234447e-01	
  -1.2878788e+00	   2.0842444e-01	
  -1.3251799e+00	   2.2222222e-01	
  -1.3383838e+00	   2.2757985e-01	
  -1.3888889e+00	   2.4610041e-01	
  -1.4393939e+00	   2.5833445e-01	
  -1.4898990e+00	   2.5864075e-01	
  -1.5404040e+00	   2.4223641e-01	
  -1.5673007e+00	   2.2222222e-01	
  -1.5863827e+00	   1.8181818e-01	
  -1.5854004e+00	   1.4141414e-01	
  -1.5734345e+00	   1.0101010e-01	
  -1.5538473e+00	   6.0606061e-02	
  -1.5404040e+00	   4.0134121e-02	
  -1.5287718e+00	   2.0202020e-02	
  -1.5003337e+00	  -2.0202020e-02	
  -1.4898990e+00	  -3.3039132e-02	
  -1.4705194e+00	  -6.0606061e-02	
  -1.4393939e+00	  -1.0062511e-01	
  -1.4391181e+00	  -1.0101010e-01	
  -1.4069196e+00	  -1.4141414e-01	
  -1.3888889e+00	  -1.6184969e-01	
  -1.3708499e+00	  -1.8181818e-01	
  -1.3383838e+00	  -2.1404735e-01	
  -1.3298597e+00	  -2.2222222e-01	
  -1.2878788e+00	  -2.5894743e-01	
  -1.2838198e+00	  -2.6262626e-01	
  -1.2373737e+00	  -3.0181689e-01	
  -1.2360310e+00	  -3.0303030e-01	
  -1.1884524e+00	  -3.4343434e-01	
  -1.1868687e+00	  -3.4471480e-01	
  -1.1403780e+00	  -3.8383838e-01	
  -1.1363636e+00	  -3.8705477e-01	
  -1.0910889e+00	  -4.2424242e-01	
  -1.0858586e+00	  -4.2835584e-01	
  -1.0402589e+00	  -4.6464646e-01	
  -1.0353535e+00	  -4.6841142e-01	
  -9.8720844e-01	  -5.0505051e-01	
  -9.8484848e-01	  -5.0679759e-01	
  -9.3434343e-01	  -5.4351844e-01	
  -9.3164261e-01	  -5.4545455e-01	
  -8.8383838e-01	  -5.7900723e-01	
  -8.7384929e-01	  -5.8585859e-01	
  -8.3333333e-01	  -6.1329894e-01	
  -8.1341234e-01	  -6.2626263e-01	
  -7.8282828e-01	  -6.4608762e-01	
  -7.4900873e-01	  -6.6666667e-01	
  -7.3232323e-01	  -6.7688656e-01	
  -6.8181818e-01	  -7.0567973e-01	
  -6.7929050e-01	  -7.0707071e-01	
  -6.3131313e-01	  -7.3393187e-01	
  -6.0510502e-01	  -7.4747475e-01	
  -5.8080808e-01	  -7.6041874e-01	
  -5.3030303e-01	  -7.8484011e-01	
  -5.2344758e-01	  -7.8787879e-01	
  -4.7979798e-01	  -8.0808444e-01	
  -4.2929293e-01	  -8.2783758e-01	
  -4.2802122e-01	  -8.2828283e-01	
  -3.7878788e-01	  -8.4664297e-01	
  -3.2828283e-01	  -8.6229163e-01	
  -3.0421517e-01	  -8.6868687e-01	
  -2.7777778e-01	  -8.7635135e-01	
  -2.2727273e-01	  -8.8862791e-01	
  -1.7676768e-01	  -8.9839099e-01	
  -1.2626263e-01	  -9.0578132e-01	
  -9.3473330e-02	  -9.0909091e-01	
   2.0188176e-06	   1.4300000e+02	
  -1.5187309e-01	   3.4343434e-01	
  -1.2626263e-01	   3.3771550e-01	
  -7.5757576e-02	   3.2982000e-01	
  -2.5252525e-02	   3.2470970e-01	
   2.5252525e-02	   3.2226868e-01	
   7.5757576e-02	   3.2319345e-01	
   1.2626263e-01	   3.2846577e-01	
   1.7676768e-01	   3.3860964e-01	
   1.9417207e-01	   3.4343434e-01	
   2.2727273e-01	   3.5180378e-01	
   2.7777778e-01	   3.6650041e-01	
   3.2828283e-01	   3.8297719e-01	
   3.3061968e-01	   3.8383838e-01	
   3.7878788e-01	   4.0037204e-01	
   4.2929293e-01	   4.2367082e-01	
   4.3027738e-01	   4.2424242e-01	
   4.7979798e-01	   4.5242338e-01	
   4.9834509e-01	   4.6464646e-01	
   5.3030303e-01	   4.8549147e-01	
   5.5999794e-01	   5.0505051e-01	
   5.8080808e-01	   5.1863333e-01	
   6.2134473e-01	   5.4545455e-01	
   6.3131313e-01	   5.5222773e-01	
   6.7527984e-01	   5.8585859e-01	
   6.8181818e-01	   5.9124408e-01	
   7.2038106e-01	   6.2626263e-01	
   7.3232323e-01	   6.3802596e-01	
   7.6248968e-01	   6.6666667e-01	
   7.8282828e-01	   6.8718228e-01	
   8.0516416e-01	   7.0707071e-01	
   8.3333333e-01	   7.3369779e-01	
   8.4853597e-01	   7.4747475e-01	
   8.8383838e-01	   7.8249801e-01	
   8.8894407e-01	   7.8787879e-01	
   9.2356413e-01	   8.2828283e-01	
   9.3434343e-01	   8.4195682e-01	
   9.5614979e-01	   8.6868687e-01	
   9.8484848e-01	   9.0524810e-01	
   9.8847156e-01	   9.0909091e-01	
   1.0230531e+00	   9.4949495e-01	
   1.0353535e+00	   9.6536727e-01	
   1.0568512e+00	   9.8989899e-01	
   1.0858586e+00	   1.0289400e+00	
   1.0867897e+00	   1.0303030e+00	
   1.1049116e+00	   1.0707071e+00	
   1.1149776e+00	   1.1111111e+00	
   1.0998472e+00	   1.1515152e+00	
   1.0858586e+00	   1.1587188e+00	
   1.0353535e+00	   1.1598173e+00	
   9.8484848e-01	   1.1528745e+00	
   9.8051224e-01	   1.1515152e+00	
   9.3434343e-01	   1.1380058e+00	
   8.8383838e-01	   1.1175426e+00	
   8.6946604e-01	   1.1111111e+00	
   8.3333333e-01	   1.0961524e+00	
   7.8282828e-01	   1.0781224e+00	
   7.6144689e-01	   1.0707071e+00	
   7.3232323e-01	   1.0611431e+00	
   6.8181818e-01	   1.0413855e+00	
   6.5686117e-01	   1.0303030e+00	
   6.3131313e-01	   1.0196254e+00	
   5.8080808e-01	   1.0012468e+00	
   5.3846357e-01	   9.8989899e-01	
   5.3030303e-01	   9.8792961e-01	
   4.7979798e-01	   9.7779965e-01	
   4.2929293e-01	   9.6577988e-01	
   3.7878788e-01	   9.5114533e-01	
   3.7287958e-01	   9.4949495e-01	
   3.2828283e-01	   9.3833614e-01	
   2.7777778e-01	   9.2889636e-01	
   2.2727273e-01	   9.2334087e-01	
   1.7676768e-01	   9.2037459e-01	
   1.2626263e-01	   9.1834428e-01	
   7.5757576e-02	   9.1646241e-01	
   2.5252525e-02	   9.1486153e-01	
  -2.5252525e-02	   9.1434951e-01	
  -7.5757576e-02	   9.1595202e-01	
  -1.2626263e-01	   9.2005094e-01	
  -1.7676768e-01	   9.2592086e-01	
  -2.2727273e-01	   9.3239223e-01	
  -2.7777778e-01	   9.3911253e-01	
  -3.2828283e-01	   9.4705794e-01	
  -3.3993646e-01	   9.4949495e-01	
  -3.7878788e-01	   9.5857004e-01	
  -4.2929293e-01	   9.7277280e-01	
  -4.7979798e-01	   9.8769639e-01	
  -4.8724775e-01	   9.8989899e-01	
  -5.3030303e-01	   1.0037239e+00	
  -5.8080808e-01	   1.0197405e+00	
  -6.1204227e-01	   1.0303030e+00	
  -6.3131313e-01	   1.0373857e+00	
  -6.8181818e-01	   1.0563711e+00	
  -7.2198444e-01	   1.0707071e+00	
  -7.3232323e-01	   1.0746681e+00	
  -7.8282828e-01	   1.0922994e+00	
  -8.3333333e-01	   1.1097586e+00	
  -8.3730576e-01	   1.1111111e+00	
  -8.8383838e-01	   1.1282035e+00	
  -9.3434343e-01	   1.1452039e+00	
  -9.6087251e-01	   1.1515152e+00	
  -9.8484848e-01	   1.1575380e+00	
  -1.0353535e+00	   1.1622314e+00	
  -1.0858586e+00	   1.1577470e+00	
  -1.1006968e+00	   1.1515152e+00	
  -1.1197476e+00	   1.1111111e+00	
  -1.1057710e+00	   1.0707071e+00	
  -1.0858586e+00	   1.0387795e+00	
  -1.0810201e+00	   1.0303030e+00	
  -1.0487373e+00	   9.8989899e-01	
  -1.0353535e+00	   9.7544649e-01	
  -1.0147144e+00	   9.4949495e-01	
  -9.8484848e-01	   9.1440167e-01	
  -9.8083347e-01	   9.0909091e-01	
  -9.4689395e-01	   8.6868687e-01	
  -9.3434343e-01	   8.5482536e-01	
  -9.1089188e-01	   8.2828283e-01	
  -8.8383838e-01	   8.0008248e-01	
  -8.7199067e-01	   7.8787879e-01	
  -8.3333333e-01	   7.5127420e-01	
  -8.2945051e-01	   7.4747475e-01	
  -7.8534833e-01	   7.0707071e-01	
  -7.8282828e-01	   7.0486767e-01	
  -7.4127019e-01	   6.6666667e-01	
  -7.3232323e-01	   6.5884218e-01	
  -6.9465525e-01	   6.2626263e-01	
  -6.8181818e-01	   6.1577101e-01	
  -6.4271962e-01	   5.8585859e-01	
  -6.3131313e-01	   5.7748062e-01	
  -5.8618158e-01	   5.4545455e-01	
  -5.8080808e-01	   5.4168739e-01	
  -5.3030303e-01	   5.0585959e-01	
  -5.2916105e-01	   5.0505051e-01	
  -4.7979798e-01	   4.7103204e-01	
  -4.6926315e-01	   4.6464646e-01	
  -4.2929293e-01	   4.4077579e-01	
  -3.9423594e-01	   4.2424242e-01	
  -3.7878788e-01	   4.1673215e-01	
  -3.2828283e-01	   3.9659995e-01	
  -2.9157784e-01	   3.8383838e-01	
  -2.7777778e-01	   3.7865416e-01	
  -2.2727273e-01	   3.6187893e-01	
  -1.7676768e-01	   3.4846488e-01	
  -1.5187309e-01	   3.4343434e-01	
   2.6917568e-06	   1.8700000e+02	
  -2.6130016e-01	  -8.2828283e-01	
  -2.2727273e-01	  -8.3687737e-01	
  -1.7676768e-01	  -8.4722073e-01	
  -1.2626263e-01	  -8.5508956e-01	
  -7.5757576e-02	  -8.6050215e-01	
  -2.5252525e-02	  -8.6341205e-01	
   2.5252525e-02	  -8.6373361e-01	
   7.5757576e-02	  -8.6136299e-01	
   1.2626263e-01	  -8.5622176e-01	
   1.7676768e-01	  -8.4834911e-01	
   2.2727273e-01	  -8.3792311e-01	
   2.6569672e-01	  -8.2828283e-01	
   2.7777778e-01	  -8.2542485e-01	
   3.2828283e-01	  -8.1190612e-01	
   3.7878788e-01	  -7.9633157e-01	
   4.0271915e-01	  -7.8787879e-01	
   4.2929293e-01	  -7.7885528e-01	
   4.7979798e-01	  -7.5887208e-01	
   5.0440787e-01	  -7.4747475e-01	
   5.3030303e-01	  -7.3571159e-01	
   5.8080808e-01	  -7.0947127e-01	
   5.8509620e-01	  -7.0707071e-01	
   6.3131313e-01	  -6.8140922e-01	
   6.5625777e-01	  -6.6666667e-01	
   6.8181818e-01	  -6.5152268e-01	
   7.2282486e-01	  -6.2626263e-01	
   7.3232323e-01	  -6.2033309e-01	
   7.8282828e-01	  -5.8765917e-01	
   7.8551239e-01	  -5.8585859e-01	
   8.3333333e-01	  -5.5316848e-01	
   8.4429027e-01	  -5.4545455e-01	
   8.8383838e-01	  -5.1684415e-01	
   8.9993714e-01	  -5.0505051e-01	
   9.3434343e-01	  -4.7893092e-01	
   9.5279822e-01	  -4.6464646e-01	
   9.8484848e-01	  -4.3870223e-01	
   1.0022983e+00	  -4.2424242e-01	
   1.0353535e+00	  -3.9536481e-01	
   1.0486049e+00	  -3.8383838e-01	
   1.0858586e+00	  -3.4948260e-01	
   1.0927225e+00	  -3.4343434e-01	
   1.1357846e+00	  -3.0303030e-01	
   1.1363636e+00	  -3.0244612e-01	
   1.1783657e+00	  -2.6262626e-01	
   1.1868687e+00	  -2.5382551e-01	
   1.2185770e+00	  -2.2222222e-01	
   1.2373737e+00	  -2.0153487e-01	
   1.2557942e+00	  -1.8181818e-01	
   1.2878788e+00	  -1.4365877e-01	
   1.2898590e+00	  -1.4141414e-01	
   1.3209950e+00	  -1.0101010e-01	
   1.3383838e+00	  -7.5115993e-02	
   1.3487981e+00	  -6.0606061e-02	
   1.3722705e+00	  -2.0202020e-02	
   1.3888889e+00	   1.6149225e-02	
   1.3909034e+00	   2.0202020e-02	
   1.4013191e+00	   6.0606061e-02	
   1.3987887e+00	   1.0101010e-01	
   1.3888889e+00	   1.1704750e-01	
   1.3442251e+00	   1.4141414e-01	
   1.3383838e+00	   1.4268553e-01	
   1.3193249e+00	   1.4141414e-01	
   1.2878788e+00	   1.3943703e-01	
   1.2373737e+00	   1.2717439e-01	
   1.1868687e+00	   1.1145195e-01	
   1.1605504e+00	   1.0101010e-01	
   1.1363636e+00	   9.1969891e-02	
   1.0858586e+00	   6.8926170e-02	
   1.0706539e+00	   6.0606061e-02	
   1.0353535e+00	   4.2432875e-02	
   9.9469141e-01	   2.0202020e-02	
   9.8484848e-01	   1.5097551e-02	
   9.3434343e-01	  -1.1920933e-02	
   9.1935518e-01	  -2.0202020e-02	
   8.8383838e-01	  -3.8869742e-02	
   8.4391208e-01	  -6.0606061e-02	
   8.3333333e-01	  -6.6122713e-02	
   7.8282828e-01	  -9.3469580e-02	
   7.6932488e-01	  -1.0101010e-01	
   7.3232323e-01	  -1.2073952e-01	
   6.9428192e-01	  -1.4141414e-01	
   6.8181818e-01	  -1.4792787e-01	
   6.3131313e-01	  -1.7478403e-01	
   6.1825295e-01	  -1.8181818e-01	
   5.8080808e-01	  -2.0110302e-01	
   5.3862585e-01	  -2.2222222e-01	
   5.3030303e-01	  -2.2625558e-01	
   4.7979798e-01	  -2.4914083e-01	
   4.4758029e-01	  -2.6262626e-01	
   4.2929293e-01	  -2.6998618e-01	
   3.7878788e-01	  -2.8797119e-01	
   3.3213531e-01	  -3.0303030e-01	
   3.2828283e-01	  -3.0422772e-01	
   2.7777778e-01	  -3.1807130e-01	
   2.2727273e-01	  -3.3009182e-01	
   1.7676768e-01	  -3.4028702e-01	
   1.5671750e-01	  -3.4343434e-01	
   1.2626263e-01	  -3.4796917e-01	
   7.5757576e-02	  -3.5279248e-01	
   2.5252525e-02	  -3.5481412e-01	
  -2.5252525e-02	  -3.5408719e-01	
  -7.5757576e-02	  -3.5074254e-01	
  -1.2626263e-01	  -3.4492335e-01	
  -1.3544795e-01	  -3.4343434e-01	
  -1.7676768e-01	  -3.3641486e-01	
  -2.2727273e-01	  -3.2572932e-01	
  -2.7777778e-01	  -3.1298171e-01	
  -3.1145273e-01	  -3.0303030e-01	
  -3.2828283e-01	  -2.9779220e-01	
  -3.7878788e-01	  -2.8051471e-01	
  -4.2689059e-01	  -2.6262626e-01	
  -4.2929293e-01	  -2.6168350e-01	
  -4.7979798e-01	  -2.4093554e-01	
  -5.2314913e-01	  -2.2222222e-01	
  -5.3030303e-01	  -2.1897954e-01	
  -5.8080808e-01	  -1.9538546e-01	
  -6.0865717e-01	  -1.8181818e-01	
  -6.3131313e-01	  -1.7028544e-01	
  -6.8181818e-01	  -1.4436611e-01	
  -6.8760012e-01	  -1.4141414e-01	
  -7.3232323e-01	  -1.1771156e-01	
  -7.6429783e-01	  -1.0101010e-01	
  -7.8282828e-01	  -9.0891354e-02	
  -8.3333333e-01	  -6.4150059e-02	
  -8.4025396e-01	  -6.0606061e-02	
  -8.8383838e-01	  -3.7260913e-02	
  -9.1619148e-01	  -2.0202020e-02	
  -9.3434343e-01	  -1.0090083e-02	
  -9.8484848e-01	   1.7048949e-02	
  -9.9116471e-01	   2.0202020e-02	
  -1.0353535e+00	   4.3523016e-02	
  -1.0699646e+00	   6.0606061e-02	
  -1.0858586e+00	   6.8938483e-02	
  -1.1363636e+00	   9.0857814e-02	
  -1.1677036e+00	   1.0101010e-01	
  -1.1868687e+00	   1.0743622e-01	
  -1.2373737e+00	   1.1667187e-01	
  -1.2878788e+00	   1.2123195e-01	
  -1.3383838e+00	   1.2125830e-01	
  -1.3888889e+00	   1.0340880e-01	
  -1.3912327e+00	   1.0101010e-01	
  -1.4028458e+00	   6.0606061e-02	
  -1.3969824e+00	   2.0202020e-02	
  -1.3888889e+00	  -9.2304387e-04	
  -1.3818180e+00	  -2.0202020e-02	
  -1.3603675e+00	  -6.0606061e-02	
  -1.3383838e+00	  -9.4225438e-02	
  -1.3339635e+00	  -1.0101010e-01	
  -1.3015235e+00	  -1.4141414e-01	
  -1.2878788e+00	  -1.5602244e-01	
  -1.2647452e+00	  -1.8181818e-01	
  -1.2373737e+00	  -2.0889908e-01	
  -1.2249822e+00	  -2.2222222e-01	
  -1.1868687e+00	  -2.5928943e-01	
  -1.1836730e+00	  -2.6262626e-01	
  -1.1413333e+00	  -3.0303030e-01	
  -1.1363636e+00	  -3.0743344e-01	
  -1.0973890e+00	  -3.4343434e-01	
  -1.0858586e+00	  -3.5337453e-01	
  -1.0514709e+00	  -3.8383838e-01	
  -1.0353535e+00	  -3.9726681e-01	
  -1.0032314e+00	  -4.2424242e-01	
  -9.8484848e-01	  -4.3888002e-01	
  -9.5226604e-01	  -4.6464646e-01	
  -9.3434343e-01	  -4.7820932e-01	
  -8.9851937e-01	  -5.0505051e-01	
  -8.8383838e-01	  -5.1567471e-01	
  -8.4213927e-01	  -5.4545455e-01	
  -8.3333333e-01	  -5.5158134e-01	
  -7.8282828e-01	  -5.8573923e-01	
  -7.8264728e-01	  -5.8585859e-01	
  -7.3232323e-01	  -6.1825805e-01	
  -7.1923487e-01	  -6.2626263e-01	
  -6.8181818e-01	  -6.4885344e-01	
  -6.5058123e-01	  -6.6666667e-01	
  -6.3131313e-01	  -6.7765670e-01	
  -5.8080808e-01	  -7.0474028e-01	
  -5.7622853e-01	  -7.0707071e-01	
  -5.3030303e-01	  -7.3063431e-01	
  -4.9353831e-01	  -7.4747475e-01	
  -4.7979798e-01	  -7.5391793e-01	
  -4.2929293e-01	  -7.7507296e-01	
  -3.9399403e-01	  -7.8787879e-01	
  -3.7878788e-01	  -7.9361586e-01	
  -3.2828283e-01	  -8.1029429e-01	
  -2.7777778e-01	  -8.2435817e-01	
  -2.6130016e-01	  -8.2828283e-01	
   2.6917568e-06	   1.2100000e+02	
  -1.8969331e-01	   3.8383838e-01	
  -1.7676768e-01	   3.8014369e-01	
  -1.2626263e-01	   3.6914627e-01	
  -7.5757576e-02	   3.6146132e-01	
  -2.5252525e-02	   3.5639824e-01	
   2.5252525e-02	   3.5392685e-01	
   7.5757576e-02	   3.5482683e-01	
   1.2626263e-01	   3.6009882e-01	
   1.7676768e-01	   3.7003016e-01	
   2.2727273e-01	   3.8381876e-01	
   2.2733632e-01	   3.8383838e-01	
   2.7777778e-01	   3.9887175e-01	
   3.2828283e-01	   4.1495421e-01	
   3.5352468e-01	   4.2424242e-01	
   3.7878788e-01	   4.3360727e-01	
   4.2929293e-01	   4.5724080e-01	
   4.4189692e-01	   4.6464646e-01	
   4.7979798e-01	   4.8746749e-01	
   5.0646797e-01	   5.0505051e-01	
   5.3030303e-01	   5.2113687e-01	
   5.6742576e-01	   5.4545455e-01	
   5.8080808e-01	   5.5451889e-01	
   6.2685675e-01	   5.8585859e-01	
   6.3131313e-01	   5.8913027e-01	
   6.7640390e-01	   6.2626263e-01	
   6.8181818e-01	   6.3119890e-01	
   7.1773738e-01	   6.6666667e-01	
   7.3232323e-01	   6.8229439e-01	
   7.5671125e-01	   7.0707071e-01	
   7.8282828e-01	   7.3525658e-01	
   7.9568434e-01	   7.4747475e-01	
   8.3333333e-01	   7.8617047e-01	
   8.3504772e-01	   7.8787879e-01	
   8.6994400e-01	   8.2828283e-01	
   8.8383838e-01	   8.4653746e-01	
   8.9988082e-01	   8.6868687e-01	
   9.2549301e-01	   9.0909091e-01	
   9.3434343e-01	   9.2647926e-01	
   9.4669028e-01	   9.4949495e-01	
   9.5982311e-01	   9.8989899e-01	
   9.5044285e-01	   1.0303030e+00	
   9.3434343e-01	   1.0393089e+00	
   8.8383838e-01	   1.0376995e+00	
   8.5317302e-01	   1.0303030e+00	
   8.3333333e-01	   1.0258476e+00	
   7.8282828e-01	   1.0128625e+00	
   7.3232323e-01	   9.9871323e-01	
   7.0862925e-01	   9.8989899e-01	
   6.8181818e-01	   9.8026395e-01	
   6.3131313e-01	   9.6049496e-01	
   5.9806536e-01	   9.4949495e-01	
   5.8080808e-01	   9.4415265e-01	
   5.3030303e-01	   9.3314256e-01	
   4.7979798e-01	   9.2353034e-01	
   4.2929293e-01	   9.1165193e-01	
   4.2003955e-01	   9.0909091e-01	
   3.7878788e-01	   8.9843963e-01	
   3.2828283e-01	   8.8633541e-01	
   2.7777778e-01	   8.7739729e-01	
   2.2727273e-01	   8.7192913e-01	
   1.7676768e-01	   8.6869027e-01	
   1.7669132e-01	   8.6868687e-01	
   1.2626263e-01	   8.6663492e-01	
   7.5757576e-02	   8.6501118e-01	
   2.5252525e-02	   8.6388127e-01	
  -2.5252525e-02	   8.6370903e-01	
  -7.5757576e-02	   8.6521742e-01	
  -1.2451058e-01	   8.6868687e-01	
  -1.2626263e-01	   8.6882417e-01	
  -1.7676768e-01	   8.7457815e-01	
  -2.2727273e-01	   8.8099882e-01	
  -2.7777778e-01	   8.8761113e-01	
  -3.2828283e-01	   8.9528627e-01	
  -3.7878788e-01	   9.0542626e-01	
  -3.9318698e-01	   9.0909091e-01	
  -4.2929293e-01	   9.1891222e-01	
  -4.7979798e-01	   9.3368169e-01	
  -5.3030303e-01	   9.4818613e-01	
  -5.3493762e-01	   9.4949495e-01	
  -5.8080808e-01	   9.6316660e-01	
  -6.3131313e-01	   9.7887867e-01	
  -6.6511599e-01	   9.8989899e-01	
  -6.8181818e-01	   9.9564260e-01	
  -7.3232323e-01	   1.0113158e+00	
  -7.8282828e-01	   1.0250782e+00	
  -8.0595925e-01	   1.0303030e+00	
  -8.3333333e-01	   1.0367755e+00	
  -8.8383838e-01	   1.0448056e+00	
  -9.3434343e-01	   1.0417170e+00	
  -9.5050343e-01	   1.0303030e+00	
  -9.5540472e-01	   9.8989899e-01	
  -9.4085162e-01	   9.4949495e-01	
  -9.3434343e-01	   9.3908953e-01	
  -9.1643947e-01	   9.0909091e-01	
  -8.8876424e-01	   8.6868687e-01	
  -8.8383838e-01	   8.6283654e-01	
  -8.5460197e-01	   8.2828283e-01	
  -8.3333333e-01	   8.0568875e-01	
  -8.1714885e-01	   7.8787879e-01	
  -7.8282828e-01	   7.5350493e-01	
  -7.7723490e-01	   7.4747475e-01	
  -7.3625081e-01	   7.0707071e-01	
  -7.3232323e-01	   7.0347012e-01	
  -6.9264754e-01	   6.6666667e-01	
  -6.8181818e-01	   6.5733074e-01	
  -6.4412939e-01	   6.2626263e-01	
  -6.3131313e-01	   6.1643155e-01	
  -5.9058917e-01	   5.8585859e-01	
  -5.8080808e-01	   5.7886040e-01	
  -5.3549789e-01	   5.4545455e-01	
  -5.3030303e-01	   5.4173779e-01	
  -4.7979798e-01	   5.0593680e-01	
  -4.7843931e-01	   5.0505051e-01	
  -4.2929293e-01	   4.7479130e-01	
  -4.0933602e-01	   4.6464646e-01	
  -3.7878788e-01	   4.4959199e-01	
  -3.2828283e-01	   4.2925485e-01	
  -3.1455076e-01	   4.2424242e-01	
  -2.7777778e-01	   4.1075882e-01	
  -2.2727273e-01	   3.9426183e-01	
  -1.8969331e-01	   3.8383838e-01	
   3.3646960e-06	   1.5700000e+02	
  -2.3948884e-01	  -7.8787879e-01	
  -2.2727273e-01	  -7.9098934e-01	
  -1.7676768e-01	  -8.0159655e-01	
  -1.2626263e-01	  -8.0972597e-01	
  -7.5757576e-02	  -8.1535263e-01	
  -2.5252525e-02	  -8.1839240e-01	
   2.5252525e-02	  -8.1873530e-01	
   7.5757576e-02	  -8.1627392e-01	
   1.2626263e-01	  -8.1095065e-01	
   1.7676768e-01	  -8.0284566e-01	
   2.2727273e-01	  -7.9218363e-01	
   2.4432163e-01	  -7.8787879e-01	
   2.7777778e-01	  -7.7963304e-01	
   3.2828283e-01	  -7.6546825e-01	
   3.7878788e-01	  -7.4932689e-01	
   3.8394569e-01	  -7.4747475e-01	
   4.2929293e-01	  -7.3134763e-01	
   4.7979798e-01	  -7.1043587e-01	
   4.8692504e-01	  -7.0707071e-01	
   5.3030303e-01	  -6.8649304e-01	
   5.6742957e-01	  -6.6666667e-01	
   5.8080808e-01	  -6.5938085e-01	
   6.3131313e-01	  -6.3000732e-01	
   6.3751160e-01	  -6.2626263e-01	
   6.8181818e-01	  -5.9894072e-01	
   7.0248701e-01	  -5.8585859e-01	
   7.3232323e-01	  -5.6636067e-01	
   7.6346841e-01	  -5.4545455e-01	
   7.8282828e-01	  -5.3188985e-01	
   8.2021265e-01	  -5.0505051e-01	
   8.3333333e-01	  -4.9513260e-01	
   8.7343653e-01	  -4.6464646e-01	
   8.8383838e-01	  -4.5625358e-01	
   9.2381162e-01	  -4.2424242e-01	
   9.3434343e-01	  -4.1521046e-01	
   9.7091840e-01	  -3.8383838e-01	
   9.8484848e-01	  -3.7094945e-01	
   1.0144466e+00	  -3.4343434e-01	
   1.0353535e+00	  -3.2238909e-01	
   1.0549690e+00	  -3.0303030e-01	
   1.0858586e+00	  -2.6988619e-01	
   1.0930221e+00	  -2.6262626e-01	
   1.1288251e+00	  -2.2222222e-01	
   1.1363636e+00	  -2.1250707e-01	
   1.1618856e+00	  -1.8181818e-01	
   1.1868687e+00	  -1.4720197e-01	
   1.1912635e+00	  -1.4141414e-01	
   1.2144414e+00	  -1.0101010e-01	
   1.2309949e+00	  -6.0606061e-02	
   1.2345354e+00	  -2.0202020e-02	
   1.1868687e+00	   1.7994083e-02	
   1.1363636e+00	   1.5990835e-02	
   1.0858586e+00	   2.6025518e-03	
   1.0353535e+00	  -1.5837318e-02	
   1.0260267e+00	  -2.0202020e-02	
   9.8484848e-01	  -3.8690892e-02	
   9.3514335e-01	  -6.0606061e-02	
   9.3434343e-01	  -6.0949132e-02	
   8.8383838e-01	  -8.5126219e-02	
   8.5137268e-01	  -1.0101010e-01	
   8.3333333e-01	  -1.0962049e-01	
   7.8282828e-01	  -1.3467773e-01	
   7.6978101e-01	  -1.4141414e-01	
   7.3232323e-01	  -1.6026219e-01	
   6.8930337e-01	  -1.8181818e-01	
   6.8181818e-01	  -1.8551213e-01	
   6.3131313e-01	  -2.1111600e-01	
   6.0930125e-01	  -2.2222222e-01	
   5.8080808e-01	  -2.3636288e-01	
   5.3030303e-01	  -2.6012040e-01	
   5.2474279e-01	  -2.6262626e-01	
   4.7979798e-01	  -2.8255535e-01	
   4.2929293e-01	  -3.0225111e-01	
   4.2709749e-01	  -3.0303030e-01	
   3.7878788e-01	  -3.1993298e-01	
   3.2828283e-01	  -3.3517248e-01	
   2.9773981e-01	  -3.4343434e-01	
   2.7777778e-01	  -3.4886485e-01	
   2.2727273e-01	  -3.6068551e-01	
   1.7676768e-01	  -3.7039514e-01	
   1.2626263e-01	  -3.7783070e-01	
   7.5757576e-02	  -3.8267059e-01	
   4.6930053e-02	  -3.8383838e-01	
   2.5252525e-02	  -3.8473424e-01	
  -2.5252525e-02	  -3.8398763e-01	
  -2.7446862e-02	  -3.8383838e-01	
  -7.5757576e-02	  -3.8062235e-01	
  -1.2626263e-01	  -3.7484058e-01	
  -1.7676768e-01	  -3.6680757e-01	
  -2.2727273e-01	  -3.5654087e-01	
  -2.7777778e-01	  -3.4384587e-01	
  -2.7918304e-01	  -3.4343434e-01	
  -3.2828283e-01	  -3.2923117e-01	
  -3.7878788e-01	  -3.1266188e-01	
  -4.0508635e-01	  -3.0303030e-01	
  -4.2929293e-01	  -2.9413666e-01	
  -4.7979798e-01	  -2.7442831e-01	
  -5.0781909e-01	  -2.6262626e-01	
  -5.3030303e-01	  -2.5308013e-01	
  -5.8080808e-01	  -2.3064480e-01	
  -5.9883327e-01	  -2.2222222e-01	
  -6.3131313e-01	  -2.0685143e-01	
  -6.8181818e-01	  -1.8196657e-01	
  -6.8212663e-01	  -1.8181818e-01	
  -7.3232323e-01	  -1.5737002e-01	
  -7.6472037e-01	  -1.4141414e-01	
  -7.8282828e-01	  -1.3228716e-01	
  -8.3333333e-01	  -1.0771932e-01	
  -8.4772796e-01	  -1.0101010e-01	
  -8.8383838e-01	  -8.3755183e-02	
  -9.3229840e-01	  -6.0606061e-02	
  -9.3434343e-01	  -5.9590385e-02	
  -9.8484848e-01	  -3.7496598e-02	
  -1.0253927e+00	  -2.0202020e-02	
  -1.0353535e+00	  -1.5769016e-02	
  -1.0858586e+00	   1.4093934e-03	
  -1.1363636e+00	   1.3679896e-02	
  -1.1868687e+00	   1.2977090e-02	
  -1.2317867e+00	  -2.0202020e-02	
  -1.2329528e+00	  -6.0606061e-02	
  -1.2175997e+00	  -1.0101010e-01	
  -1.1943427e+00	  -1.4141414e-01	
  -1.1868687e+00	  -1.5113945e-01	
  -1.1652594e+00	  -1.8181818e-01	
  -1.1363636e+00	  -2.1723388e-01	
  -1.1325492e+00	  -2.2222222e-01	
  -1.0965765e+00	  -2.6262626e-01	
  -1.0858586e+00	  -2.7340617e-01	
  -1.0576159e+00	  -3.0303030e-01	
  -1.0353535e+00	  -3.2428488e-01	
  -1.0157898e+00	  -3.4343434e-01	
  -9.8484848e-01	  -3.7120912e-01	
  -9.7094248e-01	  -3.8383838e-01	
  -9.3434343e-01	  -4.1456662e-01	
  -9.2292537e-01	  -4.2424242e-01	
  -8.8383838e-01	  -4.5515691e-01	
  -8.7193166e-01	  -4.6464646e-01	
  -8.3333333e-01	  -4.9363314e-01	
  -8.1806274e-01	  -5.0505051e-01	
  -7.8282828e-01	  -5.3008731e-01	
  -7.6070019e-01	  -5.4545455e-01	
  -7.3232323e-01	  -5.6434357e-01	
  -6.9878905e-01	  -5.8585859e-01	
  -6.8181818e-01	  -5.9640363e-01	
  -6.3162455e-01	  -6.2626263e-01	
  -6.3131313e-01	  -6.2644436e-01	
  -5.8080808e-01	  -6.5484006e-01	
  -5.5847841e-01	  -6.6666667e-01	
  -5.3030303e-01	  -6.8138151e-01	
  -4.7979798e-01	  -7.0546371e-01	
  -4.7612292e-01	  -7.0707071e-01	
  -4.2929293e-01	  -7.2736352e-01	
  -3.7878788e-01	  -7.4648254e-01	
  -3.7586014e-01	  -7.4747475e-01	
  -3.2828283e-01	  -7.6365752e-01	
  -2.7777778e-01	  -7.7836707e-01	
  -2.3948884e-01	  -7.8787879e-01	
   3.3646960e-06	   9.9000000e+01	
   2.4178049e-02	   3.8383838e-01	
   2.5252525e-02	   3.8378372e-01	
   2.8213956e-02	   3.8383838e-01	
   7.5757576e-02	   3.8473612e-01	
   1.2626263e-01	   3.9032293e-01	
   1.7676768e-01	   4.0059971e-01	
   2.2727273e-01	   4.1428295e-01	
   2.5988233e-01	   4.2424242e-01	
   2.7777778e-01	   4.2994850e-01	
   3.2828283e-01	   4.4665157e-01	
   3.7599103e-01	   4.6464646e-01	
   3.7878788e-01	   4.6579590e-01	
   4.2929293e-01	   4.9115122e-01	
   4.5230609e-01	   5.0505051e-01	
   4.7979798e-01	   5.2285122e-01	
   5.1352328e-01	   5.4545455e-01	
   5.3030303e-01	   5.5745740e-01	
   5.7277861e-01	   5.8585859e-01	
   5.8080808e-01	   5.9172882e-01	
   6.2820991e-01	   6.2626263e-01	
   6.3131313e-01	   6.2884979e-01	
   6.7218163e-01	   6.6666667e-01	
   6.8181818e-01	   6.7682693e-01	
   7.0882700e-01	   7.0707071e-01	
   7.3232323e-01	   7.3560936e-01	
   7.4276925e-01	   7.4747475e-01	
   7.7412340e-01	   7.8787879e-01	
   7.8282828e-01	   8.0142655e-01	
   8.0231528e-01	   8.2828283e-01	
   8.2425573e-01	   8.6868687e-01	
   8.3034558e-01	   9.0909091e-01	
   7.8282828e-01	   9.3343488e-01	
   7.3232323e-01	   9.3055297e-01	
   6.8181818e-01	   9.1858150e-01	
   6.5134100e-01	   9.0909091e-01	
   6.3131313e-01	   9.0309251e-01	
   5.8080808e-01	   8.9027246e-01	
   5.3030303e-01	   8.8154988e-01	
   4.7979798e-01	   8.7322065e-01	
   4.5885642e-01	   8.6868687e-01	
   4.2929293e-01	   8.6242140e-01	
   3.7878788e-01	   8.5028717e-01	
   3.2828283e-01	   8.3939060e-01	
   2.7777778e-01	   8.3143477e-01	
   2.4638433e-01	   8.2828283e-01	
   2.2727273e-01	   8.2643976e-01	
   1.7676768e-01	   8.2332469e-01	
   1.2626263e-01	   8.2112946e-01	
   7.5757576e-02	   8.1961137e-01	
   2.5252525e-02	   8.1878263e-01	
  -2.5252525e-02	   8.1888172e-01	
  -7.5757576e-02	   8.2045605e-01	
  -1.2626263e-01	   8.2393184e-01	
  -1.6930081e-01	   8.2828283e-01	
  -1.7676768e-01	   8.2907464e-01	
  -2.2727273e-01	   8.3511798e-01	
  -2.7777778e-01	   8.4127834e-01	
  -3.2828283e-01	   8.4827690e-01	
  -3.7878788e-01	   8.5755798e-01	
  -4.2516355e-01	   8.6868687e-01	
  -4.2929293e-01	   8.6971699e-01	
  -4.7979798e-01	   8.8324358e-01	
  -5.3030303e-01	   8.9632608e-01	
  -5.8076996e-01	   9.0909091e-01	
  -5.8080808e-01	   9.0910080e-01	
  -6.3131313e-01	   9.2124882e-01	
  -6.8181818e-01	   9.3292071e-01	
  -7.3232323e-01	   9.4183310e-01	
  -7.8282828e-01	   9.4164482e-01	
  -8.2095949e-01	   9.0909091e-01	
  -8.1071390e-01	   8.6868687e-01	
  -7.8801750e-01	   8.2828283e-01	
  -7.8282828e-01	   8.2203868e-01	
  -7.5674785e-01	   7.8787879e-01	
  -7.3232323e-01	   7.5943058e-01	
  -7.2262584e-01	   7.4747475e-01	
  -6.8489447e-01	   7.0707071e-01	
  -6.8181818e-01	   7.0418658e-01	
  -6.4091795e-01	   6.6666667e-01	
  -6.3131313e-01	   6.5873894e-01	
  -5.9167694e-01	   6.2626263e-01	
  -5.8080808e-01	   6.1811673e-01	
  -5.3976678e-01	   5.8585859e-01	
  -5.3030303e-01	   5.7888645e-01	
  -4.8594355e-01	   5.4545455e-01	
  -4.7979798e-01	   5.4108905e-01	
  -4.2929293e-01	   5.0823334e-01	
  -4.2360906e-01	   5.0505051e-01	
  -3.7878788e-01	   4.8218163e-01	
  -3.3808019e-01	   4.6464646e-01	
  -3.2828283e-01	   4.6062957e-01	
  -2.7777778e-01	   4.4220645e-01	
  -2.2727273e-01	   4.2502952e-01	
  -2.2463569e-01	   4.2424242e-01	
  -1.7676768e-01	   4.1063800e-01	
  -1.2626263e-01	   3.9960276e-01	
  -7.5757576e-02	   3.9168903e-01	
  -2.5252525e-02	   3.8639897e-01	
   2.4178049e-02	   3.8383838e-01	
   4.0376352e-06	   1.3100000e+02	
  -2.2728905e-01	  -7.4747475e-01	
  -2.2727273e-01	  -7.4747894e-01	
  -1.7676768e-01	  -7.5821157e-01	
  -1.2626263e-01	  -7.6651742e-01	
  -7.5757576e-02	  -7.7231331e-01	
  -2.5252525e-02	  -7.7546253e-01	
   2.5252525e-02	  -7.7582087e-01	
   7.5757576e-02	  -7.7327759e-01	
   1.2626263e-01	  -7.6780692e-01	
   1.7676768e-01	  -7.5954645e-01	
   2.2727273e-01	  -7.4878082e-01	
   2.3240957e-01	  -7.4747475e-01	
   2.7777778e-01	  -7.3572682e-01	
   3.2828283e-01	  -7.2100750e-01	
   3.7096625e-01	  -7.0707071e-01	
   3.7878788e-01	  -7.0441198e-01	
   4.2929293e-01	  -6.8542017e-01	
   4.7320210e-01	  -6.6666667e-01	
   4.7979798e-01	  -6.6370226e-01	
   5.3030303e-01	  -6.3848540e-01	
   5.5259710e-01	  -6.2626263e-01	
   5.8080808e-01	  -6.1006120e-01	
   6.2098783e-01	  -5.8585859e-01	
   6.3131313e-01	  -5.7927166e-01	
   6.8181818e-01	  -5.4664749e-01	
   6.8363734e-01	  -5.4545455e-01	
   7.3232323e-01	  -5.1173866e-01	
   7.4186336e-01	  -5.0505051e-01	
   7.8282828e-01	  -4.7438933e-01	
   7.9572491e-01	  -4.6464646e-01	
   8.3333333e-01	  -4.3406375e-01	
   8.4550304e-01	  -4.2424242e-01	
   8.8383838e-01	  -3.9065546e-01	
   8.9176709e-01	  -3.8383838e-01	
   9.3434343e-01	  -3.4370671e-01	
   9.3463562e-01	  -3.4343434e-01	
   9.7261277e-01	  -3.0303030e-01	
   9.8484848e-01	  -2.8813817e-01	
   1.0062064e+00	  -2.6262626e-01	
   1.0353535e+00	  -2.2294964e-01	
   1.0359068e+00	  -2.2222222e-01	
   1.0566609e+00	  -1.8181818e-01	
   1.0666124e+00	  -1.4141414e-01	
   1.0353535e+00	  -1.0512930e-01	
   9.8484848e-01	  -1.0933597e-01	
   9.3434343e-01	  -1.2269897e-01	
   8.8383838e-01	  -1.3846484e-01	
   8.7666665e-01	  -1.4141414e-01	
   8.3333333e-01	  -1.5924113e-01	
   7.8282828e-01	  -1.7987829e-01	
   7.7862301e-01	  -1.8181818e-01	
   7.3232323e-01	  -2.0317701e-01	
   6.8951313e-01	  -2.2222222e-01	
   6.8181818e-01	  -2.2569962e-01	
   6.3131313e-01	  -2.4969173e-01	
   6.0337311e-01	  -2.6262626e-01	
   5.8080808e-01	  -2.7325386e-01	
   5.3030303e-01	  -2.9571839e-01	
   5.1279114e-01	  -3.0303030e-01	
   4.7979798e-01	  -3.1717081e-01	
   4.2929293e-01	  -3.3578322e-01	
   4.0575311e-01	  -3.4343434e-01	
   3.7878788e-01	  -3.5258911e-01	
   3.2828283e-01	  -3.6733171e-01	
   2.7777778e-01	  -3.7998608e-01	
   2.6041215e-01	  -3.8383838e-01	
   2.2727273e-01	  -3.9167713e-01	
   1.7676768e-01	  -4.0139428e-01	
   1.2626263e-01	  -4.0864894e-01	
   7.5757576e-02	  -4.1328142e-01	
   2.5252525e-02	  -4.1521491e-01	
  -2.5252525e-02	  -4.1451682e-01	
  -7.5757576e-02	  -4.1131912e-01	
  -1.2626263e-01	  -4.0575425e-01	
  -1.7676768e-01	  -3.9786862e-01	
  -2.2727273e-01	  -3.8751099e-01	
  -2.4195856e-01	  -3.8383838e-01	
  -2.7777778e-01	  -3.7546765e-01	
  -3.2828283e-01	  -3.6163105e-01	
  -3.7878788e-01	  -3.4515869e-01	
  -3.8361631e-01	  -3.4343434e-01	
  -4.2929293e-01	  -3.2796282e-01	
  -4.7979798e-01	  -3.0878864e-01	
  -4.9398136e-01	  -3.0303030e-01	
  -5.3030303e-01	  -2.8883501e-01	
  -5.8080808e-01	  -2.6733497e-01	
  -5.9151183e-01	  -2.6262626e-01	
  -6.3131313e-01	  -2.4554989e-01	
  -6.8157684e-01	  -2.2222222e-01	
  -6.8181818e-01	  -2.2211050e-01	
  -7.3232323e-01	  -2.0039961e-01	
  -7.7359950e-01	  -1.8181818e-01	
  -7.8282828e-01	  -1.7767903e-01	
  -8.3333333e-01	  -1.5743534e-01	
  -8.7357566e-01	  -1.4141414e-01	
  -8.8383838e-01	  -1.3733846e-01	
  -9.3434343e-01	  -1.2167408e-01	
  -9.8484848e-01	  -1.0878534e-01	
  -1.0353535e+00	  -1.0674261e-01	
  -1.0664139e+00	  -1.4141414e-01	
  -1.0575475e+00	  -1.8181818e-01	
  -1.0368495e+00	  -2.2222222e-01	
  -1.0353535e+00	  -2.2416371e-01	
  -1.0069639e+00	  -2.6262626e-01	
  -9.8484848e-01	  -2.8840283e-01	
  -9.7272040e-01	  -3.0303030e-01	
  -9.3434343e-01	  -3.4316468e-01	
  -9.3409395e-01	  -3.4343434e-01	
  -8.9078139e-01	  -3.8383838e-01	
  -8.8383838e-01	  -3.8973368e-01	
  -8.4397555e-01	  -4.2424242e-01	
  -8.3333333e-01	  -4.3272349e-01	
  -7.9363802e-01	  -4.6464646e-01	
  -7.8282828e-01	  -4.7272447e-01	
  -7.3925213e-01	  -5.0505051e-01	
  -7.3232323e-01	  -5.0986736e-01	
  -6.8181818e-01	  -5.4423427e-01	
  -6.8000100e-01	  -5.4545455e-01	
  -6.3131313e-01	  -5.7588956e-01	
  -6.1504712e-01	  -5.8585859e-01	
  -5.8080808e-01	  -6.0569379e-01	
  -5.4387027e-01	  -6.2626263e-01	
  -5.3030303e-01	  -6.3351203e-01	
  -4.7979798e-01	  -6.5866106e-01	
  -4.6245548e-01	  -6.6666667e-01	
  -4.2929293e-01	  -6.8133584e-01	
  -3.7878788e-01	  -7.0139875e-01	
  -3.6294335e-01	  -7.0707071e-01	
  -3.2828283e-01	  -7.1904581e-01	
  -2.7777778e-01	  -7.3428745e-01	
  -2.2728905e-01	  -7.4747475e-01	
   4.0376352e-06	   8.3000000e+01	
  -9.0501324e-02	   4.2424242e-01	
  -7.5757576e-02	   4.2194455e-01	
  -2.5252525e-02	   4.1679743e-01	
   2.5252525e-02	   4.1430514e-01	
   7.5757576e-02	   4.1527621e-01	
   1.2626263e-01	   4.2076689e-01	
   1.4345908e-01	   4.2424242e-01	
   1.7676768e-01	   4.3165405e-01	
   2.2727273e-01	   4.4611834e-01	
   2.7777778e-01	   4.6175240e-01	
   2.8658238e-01	   4.6464646e-01	
   3.2828283e-01	   4.7991289e-01	
   3.7878788e-01	   5.0025341e-01	
   3.8841055e-01	   5.0505051e-01	
   4.2929293e-01	   5.2812440e-01	
   4.5650376e-01	   5.4545455e-01	
   4.7979798e-01	   5.6223953e-01	
   5.1334828e-01	   5.8585859e-01	
   5.3030303e-01	   5.9939005e-01	
   5.6767858e-01	   6.2626263e-01	
   5.8080808e-01	   6.3750232e-01	
   6.1547719e-01	   6.6666667e-01	
   6.3131313e-01	   6.8333787e-01	
   6.5210077e-01	   7.0707071e-01	
   6.8181818e-01	   7.4746751e-01	
   6.8182331e-01	   7.4747475e-01	
   6.9651046e-01	   7.8787879e-01	
   6.8813000e-01	   8.2828283e-01	
   6.8181818e-01	   8.3226298e-01	
   6.3131313e-01	   8.3586248e-01	
   5.8080808e-01	   8.3197309e-01	
   5.3552081e-01	   8.2828283e-01	
   5.3030303e-01	   8.2782908e-01	
   4.7979798e-01	   8.2160272e-01	
   4.2929293e-01	   8.1276798e-01	
   3.7878788e-01	   8.0271614e-01	
   3.2828283e-01	   7.9380937e-01	
   2.8233127e-01	   7.8787879e-01	
   2.7777778e-01	   7.8728559e-01	
   2.2727273e-01	   7.8282963e-01	
   1.7676768e-01	   7.7977191e-01	
   1.2626263e-01	   7.7759397e-01	
   7.5757576e-02	   7.7626897e-01	
   2.5252525e-02	   7.7576703e-01	
  -2.5252525e-02	   7.7612385e-01	
  -7.5757576e-02	   7.7771465e-01	
  -1.2626263e-01	   7.8096467e-01	
  -1.7676768e-01	   7.8574843e-01	
  -1.9646759e-01	   7.8787879e-01	
  -2.2727273e-01	   7.9116975e-01	
  -2.7777778e-01	   7.9652069e-01	
  -3.2828283e-01	   8.0237054e-01	
  -3.7878788e-01	   8.1005714e-01	
  -4.2929293e-01	   8.2025625e-01	
  -4.6478651e-01	   8.2828283e-01	
  -4.7979798e-01	   8.3162746e-01	
  -5.3030303e-01	   8.4090550e-01	
  -5.8080808e-01	   8.4746330e-01	
  -6.3131313e-01	   8.4931665e-01	
  -6.8181818e-01	   8.3223144e-01	
  -6.8482234e-01	   8.2828283e-01	
  -6.8181818e-01	   7.9925168e-01	
  -6.8073433e-01	   7.8787879e-01	
  -6.5538369e-01	   7.4747475e-01	
  -6.3131313e-01	   7.1793400e-01	
  -6.2279117e-01	   7.0707071e-01	
  -5.8202144e-01	   6.6666667e-01	
  -5.8080808e-01	   6.6566922e-01	
  -5.3589130e-01	   6.2626263e-01	
  -5.3030303e-01	   6.2187917e-01	
  -4.8679188e-01	   5.8585859e-01	
  -4.7979798e-01	   5.8061232e-01	
  -4.3090332e-01	   5.4545455e-01	
  -4.2929293e-01	   5.4441098e-01	
  -3.7878788e-01	   5.1681215e-01	
  -3.5429759e-01	   5.0505051e-01	
  -3.2828283e-01	   4.9407274e-01	
  -2.7777778e-01	   4.7470947e-01	
  -2.5052672e-01	   4.6464646e-01	
  -2.2727273e-01	   4.5689095e-01	
  -1.7676768e-01	   4.4218998e-01	
  -1.2626263e-01	   4.3037224e-01	
  -9.0501324e-02	   4.2424242e-01	
   4.7105744e-06	   1.0700000e+02	
  -2.0901632e-01	  -7.0707071e-01	
  -1.7676768e-01	  -7.1396146e-01	
  -1.2626263e-01	  -7.2238756e-01	
  -7.5757576e-02	  -7.2832733e-01	
  -2.5252525e-02	  -7.3157473e-01	
   2.5252525e-02	  -7.3193926e-01	
   7.5757576e-02	  -7.2930775e-01	
   1.2626263e-01	  -7.2370138e-01	
   1.7676768e-01	  -7.1533414e-01	
   2.1541140e-01	  -7.0707071e-01	
   2.2727273e-01	  -7.0427930e-01	
   2.7777778e-01	  -6.9042002e-01	
   3.2828283e-01	  -6.7518165e-01	
   3.5376242e-01	  -6.6666667e-01	
   3.7878788e-01	  -6.5745017e-01	
   4.2929293e-01	  -6.3737489e-01	
   4.5446289e-01	  -6.2626263e-01	
   4.7979798e-01	  -6.1389371e-01	
   5.3030303e-01	  -5.8758937e-01	
   5.3335124e-01	  -5.8585859e-01	
   5.8080808e-01	  -5.5661039e-01	
   5.9854026e-01	  -5.4545455e-01	
   6.3131313e-01	  -5.2279764e-01	
   6.5726849e-01	  -5.0505051e-01	
   6.8181818e-01	  -4.8630217e-01	
   7.1092078e-01	  -4.6464646e-01	
   7.3232323e-01	  -4.4651834e-01	
   7.5935423e-01	  -4.2424242e-01	
   7.8282828e-01	  -4.0186388e-01	
   8.0232715e-01	  -3.8383838e-01	
   8.3333333e-01	  -3.5023065e-01	
   8.3987232e-01	  -3.4343434e-01	
   8.6817357e-01	  -3.0303030e-01	
   8.8383838e-01	  -2.6660707e-01	
   8.8568349e-01	  -2.6262626e-01	
   8.8383838e-01	  -2.5751544e-01	
   8.3333333e-01	  -2.3358907e-01	
   7.8282828e-01	  -2.4305305e-01	
   7.3232323e-01	  -2.5690214e-01	
   7.1635236e-01	  -2.6262626e-01	
   6.8181818e-01	  -2.7579954e-01	
   6.3131313e-01	  -2.9519206e-01	
   6.1195583e-01	  -3.0303030e-01	
   5.8080808e-01	  -3.1646806e-01	
   5.3030303e-01	  -3.3649017e-01	
   5.1173904e-01	  -3.4343434e-01	
   4.7979798e-01	  -3.5638280e-01	
   4.2929293e-01	  -3.7356123e-01	
   3.9353756e-01	  -3.8383838e-01	
   3.7878788e-01	  -3.8860279e-01	
   3.2828283e-01	  -4.0292099e-01	
   2.7777778e-01	  -4.1478793e-01	
   2.3056159e-01	  -4.2424242e-01	
   2.2727273e-01	  -4.2501318e-01	
   1.7676768e-01	  -4.3506262e-01	
   1.2626263e-01	  -4.4236215e-01	
   7.5757576e-02	  -4.4692892e-01	
   2.5252525e-02	  -4.4880268e-01	
  -2.5252525e-02	  -4.4810372e-01	
  -7.5757576e-02	  -4.4495367e-01	
  -1.2626263e-01	  -4.3941839e-01	
  -1.7676768e-01	  -4.3142153e-01	
  -2.1120702e-01	  -4.2424242e-01	
  -2.2727273e-01	  -4.2134974e-01	
  -2.7777778e-01	  -4.1052358e-01	
  -3.2828283e-01	  -3.9726684e-01	
  -3.7028876e-01	  -3.8383838e-01	
  -3.7878788e-01	  -3.8138634e-01	
  -4.2929293e-01	  -3.6585583e-01	
  -4.7979798e-01	  -3.4751617e-01	
  -4.9050855e-01	  -3.4343434e-01	
  -5.3030303e-01	  -3.2968946e-01	
  -5.8080808e-01	  -3.1028150e-01	
  -5.9911530e-01	  -3.0303030e-01	
  -6.3131313e-01	  -2.9123074e-01	
  -6.8181818e-01	  -2.7223653e-01	
  -7.0820219e-01	  -2.6262626e-01	
  -7.3232323e-01	  -2.5443247e-01	
  -7.8282828e-01	  -2.4059667e-01	
  -8.3333333e-01	  -2.3125417e-01	
  -8.8383838e-01	  -2.5653879e-01	
  -8.8588703e-01	  -2.6262626e-01	
  -8.8383838e-01	  -2.6690004e-01	
  -8.6781615e-01	  -3.0303030e-01	
  -8.3906421e-01	  -3.4343434e-01	
  -8.3333333e-01	  -3.4929474e-01	
  -8.0101114e-01	  -3.8383838e-01	
  -7.8282828e-01	  -4.0040110e-01	
  -7.5750606e-01	  -4.2424242e-01	
  -7.3232323e-01	  -4.4476376e-01	
  -7.0847290e-01	  -4.6464646e-01	
  -6.8181818e-01	  -4.8415487e-01	
  -6.5367371e-01	  -5.0505051e-01	
  -6.3131313e-01	  -5.1986862e-01	
  -5.9284431e-01	  -5.4545455e-01	
  -5.8080808e-01	  -5.5273261e-01	
  -5.3030303e-01	  -5.8258019e-01	
  -5.2460510e-01	  -5.8585859e-01	
  -4.7979798e-01	  -6.0896408e-01	
  -4.4493928e-01	  -6.2626263e-01	
  -4.2929293e-01	  -6.3337627e-01	
  -3.7878788e-01	  -6.5429959e-01	
  -3.4665268e-01	  -6.6666667e-01	
  -3.2828283e-01	  -6.7314264e-01	
  -2.7777778e-01	  -6.8885063e-01	
  -2.2727273e-01	  -7.0279081e-01	
  -2.0901632e-01	  -7.0707071e-01	
   4.7105744e-06	   6.3000000e+01	
  -1.3072409e-01	   4.6464646e-01	
  -1.2626263e-01	   4.6364740e-01	
  -7.5757576e-02	   4.5565139e-01	
  -2.5252525e-02	   4.5038855e-01	
   2.5252525e-02	   4.4788343e-01	
   7.5757576e-02	   4.4900808e-01	
   1.2626263e-01	   4.5480312e-01	
   1.7413736e-01	   4.6464646e-01	
   1.7676768e-01	   4.6531022e-01	
   2.2727273e-01	   4.8160203e-01	
   2.7777778e-01	   4.9832154e-01	
   2.9721402e-01	   5.0505051e-01	
   3.2828283e-01	   5.1837579e-01	
   3.7878788e-01	   5.4137207e-01	
   3.8627645e-01	   5.4545455e-01	
   4.2929293e-01	   5.7431507e-01	
   4.4563107e-01	   5.8585859e-01	
   4.7979798e-01	   6.1551132e-01	
   4.9327808e-01	   6.2626263e-01	
   5.3030303e-01	   6.6372284e-01	
   5.3366299e-01	   6.6666667e-01	
   5.5818753e-01	   7.0707071e-01	
   5.4144217e-01	   7.4747475e-01	
   5.3030303e-01	   7.5140553e-01	
   4.7979798e-01	   7.5757611e-01	
   4.2929293e-01	   7.5589002e-01	
   3.7878788e-01	   7.5080475e-01	
   3.4822555e-01	   7.4747475e-01	
   3.2828283e-01	   7.4510988e-01	
   2.7777778e-01	   7.4043699e-01	
   2.2727273e-01	   7.3718026e-01	
   1.7676768e-01	   7.3467479e-01	
   1.2626263e-01	   7.3284343e-01	
   7.5757576e-02	   7.3189560e-01	
   2.5252525e-02	   7.3178662e-01	
  -2.5252525e-02	   7.3238054e-01	
  -7.5757576e-02	   7.3388078e-01	
  -1.2626263e-01	   7.3667385e-01	
  -1.7676768e-01	   7.4072802e-01	
  -2.2727273e-01	   7.4535833e-01	
  -2.5194984e-01	   7.4747475e-01	
  -2.7777778e-01	   7.4948294e-01	
  -3.2828283e-01	   7.5316312e-01	
  -3.7878788e-01	   7.5749800e-01	
  -4.2929293e-01	   7.6233703e-01	
  -4.7979798e-01	   7.6464682e-01	
  -5.3030303e-01	   7.5441231e-01	
  -5.3917485e-01	   7.4747475e-01	
  -5.3632810e-01	   7.0707071e-01	
  -5.3030303e-01	   6.9936070e-01	
  -5.0777017e-01	   6.6666667e-01	
  -4.7979798e-01	   6.3690353e-01	
  -4.7034963e-01	   6.2626263e-01	
  -4.2929293e-01	   5.9147291e-01	
  -4.2243774e-01	   5.8585859e-01	
  -3.7878788e-01	   5.5885236e-01	
  -3.5547280e-01	   5.4545455e-01	
  -3.2828283e-01	   5.3311951e-01	
  -2.7777778e-01	   5.1147233e-01	
  -2.6258348e-01	   5.0505051e-01	
  -2.2727273e-01	   4.9290476e-01	
  -1.7676768e-01	   4.7694051e-01	
  -1.3072409e-01	   4.6464646e-01	
   5.3835136e-06	   7.5000000e+01	
  -1.6135789e-01	  -6.6666667e-01	
  -1.2626263e-01	  -6.7245702e-01	
  -7.5757576e-02	  -6.7832889e-01	
  -2.5252525e-02	  -6.8154850e-01	
   2.5252525e-02	  -6.8188018e-01	
   7.5757576e-02	  -6.7921974e-01	
   1.2626263e-01	  -6.7365318e-01	
   1.6916954e-01	  -6.6666667e-01	
   1.7676768e-01	  -6.6508604e-01	
   2.2727273e-01	  -6.5200542e-01	
   2.7777778e-01	  -6.3775164e-01	
   3.1527773e-01	  -6.2626263e-01	
   3.2828283e-01	  -6.2119036e-01	
   3.7878788e-01	  -6.0073798e-01	
   4.1492537e-01	  -5.8585859e-01	
   4.2929293e-01	  -5.7819333e-01	
   4.7979798e-01	  -5.5144092e-01	
   4.9058631e-01	  -5.4545455e-01	
   5.3030303e-01	  -5.1820310e-01	
   5.5024252e-01	  -5.0505051e-01	
   5.8080808e-01	  -4.7919746e-01	
   5.9932496e-01	  -4.6464646e-01	
   6.3131313e-01	  -4.3051928e-01	
   6.3780201e-01	  -4.2424242e-01	
   6.4515015e-01	  -3.8383838e-01	
   6.3131313e-01	  -3.7844433e-01	
   5.8080808e-01	  -3.8158677e-01	
   5.7172024e-01	  -3.8383838e-01	
   5.3030303e-01	  -3.9668661e-01	
   4.7979798e-01	  -4.1073131e-01	
   4.2929293e-01	  -4.2239525e-01	
   4.2128605e-01	  -4.2424242e-01	
   3.7878788e-01	  -4.3662667e-01	
   3.2828283e-01	  -4.4828114e-01	
   2.7777778e-01	  -4.5800301e-01	
   2.3851751e-01	  -4.6464646e-01	
   2.2727273e-01	  -4.6721168e-01	
   1.7676768e-01	  -4.7700645e-01	
   1.2626263e-01	  -4.8392059e-01	
   7.5757576e-02	  -4.8815350e-01	
   2.5252525e-02	  -4.8983934e-01	
  -2.5252525e-02	  -4.8913571e-01	
  -7.5757576e-02	  -4.8615452e-01	
  -1.2626263e-01	  -4.8090909e-01	
  -1.7676768e-01	  -4.7321144e-01	
  -2.1806649e-01	  -4.6464646e-01	
  -2.2727273e-01	  -4.6320366e-01	
  -2.7777778e-01	  -4.5410228e-01	
  -3.2828283e-01	  -4.4287006e-01	
  -3.7878788e-01	  -4.2846486e-01	
  -3.9241878e-01	  -4.2424242e-01	
  -4.2929293e-01	  -4.1531887e-01	
  -4.7979798e-01	  -4.0217105e-01	
  -5.3030303e-01	  -3.8643502e-01	
  -5.4086191e-01	  -3.8383838e-01	
  -5.8080808e-01	  -3.7639862e-01	
  -6.3131313e-01	  -3.7430980e-01	
  -6.5093409e-01	  -3.8383838e-01	
  -6.3741792e-01	  -4.2424242e-01	
  -6.3131313e-01	  -4.2987200e-01	
  -5.9700666e-01	  -4.6464646e-01	
  -5.8080808e-01	  -4.7676234e-01	
  -5.4566445e-01	  -5.0505051e-01	
  -5.3030303e-01	  -5.1478401e-01	
  -4.8408127e-01	  -5.4545455e-01	
  -4.7979798e-01	  -5.4779737e-01	
  -4.2929293e-01	  -5.7397343e-01	
  -4.0711921e-01	  -5.8585859e-01	
  -3.7878788e-01	  -5.9798961e-01	
  -3.2828283e-01	  -6.1879717e-01	
  -3.0940285e-01	  -6.2626263e-01	
  -2.7777778e-01	  -6.3625861e-01	
  -2.2727273e-01	  -6.5054298e-01	
  -1.7676768e-01	  -6.6344862e-01	
  -1.6135789e-01	  -6.6666667e-01	
   5.3835136e-06	   4.1000000e+01	
  -1.2459357e-01	   5.0505051e-01	
  -7.5757576e-02	   4.9692810e-01	
  -2.5252525e-02	   4.9141390e-01	
   2.5252525e-02	   4.8892567e-01	
   7.5757576e-02	   4.9040128e-01	
   1.2626263e-01	   4.9680524e-01	
   1.6408376e-01	   5.0505051e-01	
   1.7676768e-01	   5.0907013e-01	
   2.2727273e-01	   5.2824908e-01	
   2.7448631e-01	   5.4545455e-01	
   2.7777778e-01	   5.4739077e-01	
   3.2828283e-01	   5.7610249e-01	
   3.4550603e-01	   5.8585859e-01	
   3.7878788e-01	   6.1969508e-01	
   3.8547494e-01	   6.2626263e-01	
   3.7965621e-01	   6.6666667e-01	
   3.7878788e-01	   6.6707483e-01	
   3.2828283e-01	   6.7732768e-01	
   2.7777778e-01	   6.8068154e-01	
   2.2727273e-01	   6.8167567e-01	
   1.7676768e-01	   6.8154867e-01	
   1.2626263e-01	   6.8116280e-01	
   7.5757576e-02	   6.8116986e-01	
   2.5252525e-02	   6.8165305e-01	
  -2.5252525e-02	   6.8239435e-01	
  -7.5757576e-02	   6.8340808e-01	
  -1.2626263e-01	   6.8490252e-01	
  -1.7676768e-01	   6.8670412e-01	
  -2.2727273e-01	   6.8785594e-01	
  -2.7777778e-01	   6.8685026e-01	
  -3.2828283e-01	   6.8162701e-01	
  -3.7493274e-01	   6.6666667e-01	
  -3.6694923e-01	   6.2626263e-01	
  -3.2828283e-01	   5.9370313e-01	
  -3.1993464e-01	   5.8585859e-01	
  -2.7777778e-01	   5.6503728e-01	
  -2.4238981e-01	   5.4545455e-01	
  -2.2727273e-01	   5.3975303e-01	
  -1.7676768e-01	   5.2193511e-01	
  -1.2626263e-01	   5.0545893e-01	
  -1.2459357e-01	   5.0505051e-01	
